param,mean,median,ci_0.950_LB,ci_0.950_UB
q_ind_0_pop_0,0.000137,0.000003,0.000000,0.001199
q_ind_1_pop_0,0.000184,0.000005,0.000000,0.001667
q_ind_2_pop_0,0.000156,0.000004,0.000000,0.001383
q_ind_3_pop_0,0.000528,0.000020,0.000000,0.004298
q_ind_4_pop_0,0.000132,0.000003,0.000000,0.001196
q_ind_5_pop_0,0.000226,0.000006,0.000000,0.001938
q_ind_6_pop_0,0.000199,0.000006,0.000000,0.001741
q_ind_7_pop_0,0.000129,0.000003,0.000000,0.001144
q_ind_8_pop_0,0.000110,0.000003,0.000000,0.001015
q_ind_9_pop_0,0.000120,0.000003,0.000000,0.001057
q_ind_10_pop_0,0.000562,0.000024,0.000000,0.004439
q_ind_11_pop_0,0.000079,0.000002,0.000000,0.000687
q_ind_12_pop_0,0.000242,0.000007,0.000000,0.002126
q_ind_13_pop_0,0.000086,0.000002,0.000000,0.000755
q_ind_14_pop_0,0.000116,0.000003,0.000000,0.001002
q_ind_15_pop_0,0.038516,0.038358,0.023841,0.053967
q_ind_16_pop_0,0.052013,0.051867,0.037078,0.067671
q_ind_17_pop_0,0.027654,0.027206,0.011181,0.047036
q_ind_18_pop_0,0.056422,0.056273,0.041788,0.072217
q_ind_19_pop_0,0.044127,0.043959,0.029851,0.059317
q_ind_20_pop_0,0.999684,0.999991,0.997203,1.000000
q_ind_21_pop_0,0.999357,0.999976,0.994909,1.000000
q_ind_22_pop_0,0.997154,0.998974,0.987135,1.000000
q_ind_23_pop_0,0.998169,0.999726,0.989726,1.000000
q_ind_24_pop_0,0.999494,0.999980,0.995873,1.000000
q_ind_25_pop_0,0.999200,0.999960,0.994168,1.000000
q_ind_26_pop_0,0.999636,0.999990,0.996822,1.000000
q_ind_27_pop_0,0.999791,0.999994,0.998148,1.000000
q_ind_28_pop_0,0.999651,0.999990,0.997074,1.000000
q_ind_29_pop_0,0.999579,0.999987,0.996476,1.000000
q_ind_30_pop_0,0.999410,0.999976,0.995588,1.000000
q_ind_31_pop_0,0.999718,0.999992,0.997491,1.000000
q_ind_32_pop_0,0.998395,0.999819,0.990735,1.000000
q_ind_33_pop_0,0.999641,0.999989,0.997006,1.000000
q_ind_34_pop_0,0.998186,0.999767,0.989968,1.000000
q_ind_35_pop_0,0.000049,0.000001,0.000000,0.000437
q_ind_36_pop_0,0.000052,0.000001,0.000000,0.000458
q_ind_37_pop_0,0.000056,0.000002,0.000000,0.000480
q_ind_38_pop_0,0.000078,0.000002,0.000000,0.000703
q_ind_39_pop_0,0.753095,0.753165,0.730742,0.774863
q_ind_40_pop_0,0.734612,0.734667,0.714002,0.754734
q_ind_41_pop_0,0.741496,0.741553,0.720872,0.761704
q_ind_42_pop_0,0.749133,0.749102,0.727847,0.769987
q_ind_43_pop_0,0.743213,0.743161,0.722535,0.764056
q_ind_44_pop_0,0.774679,0.774777,0.753163,0.795893
q_ind_45_pop_0,0.000052,0.000001,0.000000,0.000461
q_ind_46_pop_0,0.000130,0.000003,0.000000,0.001112
q_ind_47_pop_0,0.000076,0.000002,0.000000,0.000688
q_ind_48_pop_0,0.090428,0.090390,0.075665,0.105495
q_ind_49_pop_0,0.103218,0.103126,0.087579,0.119636
q_ind_50_pop_0,0.090770,0.090717,0.075860,0.106243
q_ind_51_pop_0,0.085593,0.085547,0.070787,0.100635
q_ind_52_pop_0,0.096249,0.096137,0.081371,0.111869
q_ind_53_pop_0,0.085311,0.085321,0.070486,0.100276
q_ind_54_pop_0,0.973354,0.973453,0.960215,0.985811
q_ind_55_pop_0,0.970034,0.970228,0.955721,0.982605
q_ind_56_pop_0,0.974087,0.974259,0.961292,0.985871
q_ind_57_pop_0,0.948450,0.948604,0.934011,0.961991
q_ind_58_pop_0,0.957798,0.957950,0.943133,0.972147
q_ind_59_pop_0,0.968637,0.968809,0.954917,0.981231
q_ind_60_pop_0,0.998392,0.999797,0.990626,1.000000
q_ind_61_pop_0,0.999878,0.999997,0.998892,1.000000
q_ind_62_pop_0,0.999764,0.999994,0.997923,1.000000
q_ind_63_pop_0,0.998558,0.999830,0.991705,1.000000
q_ind_64_pop_0,0.999509,0.999984,0.995945,1.000000
q_ind_65_pop_0,0.999278,0.999974,0.994416,1.000000
q_ind_66_pop_0,0.999863,0.999996,0.998752,1.000000
q_ind_67_pop_0,0.993191,0.993557,0.982052,1.000000
q_ind_68_pop_0,0.999283,0.999973,0.994373,1.000000
q_ind_69_pop_0,0.999681,0.999991,0.997222,1.000000
q_ind_70_pop_0,0.999553,0.999986,0.996215,1.000000
q_ind_71_pop_0,0.998870,0.999926,0.992630,1.000000
q_ind_72_pop_0,0.999855,0.999996,0.998730,1.000000
q_ind_73_pop_0,0.999728,0.999993,0.997545,1.000000
q_ind_74_pop_0,0.062339,0.062234,0.048168,0.077368
q_ind_75_pop_0,0.033256,0.033071,0.020756,0.046696
q_ind_76_pop_0,0.055401,0.055234,0.041838,0.069642
q_ind_77_pop_0,0.067756,0.067542,0.052554,0.084345
q_ind_78_pop_0,0.054257,0.054098,0.041219,0.068276
q_ind_79_pop_0,0.048595,0.048398,0.035103,0.063114
q_ind_80_pop_0,0.000173,0.000005,0.000000,0.001543
q_ind_81_pop_0,0.000096,0.000003,0.000000,0.000840
q_ind_82_pop_0,0.000231,0.000006,0.000000,0.002033
q_ind_83_pop_0,0.000094,0.000002,0.000000,0.000856
q_ind_84_pop_0,0.000210,0.000007,0.000000,0.001781
q_ind_85_pop_0,0.000126,0.000003,0.000000,0.001073
q_ind_86_pop_0,0.980022,0.980227,0.967811,0.991119
q_ind_87_pop_0,0.959048,0.959260,0.945458,0.971701
q_ind_88_pop_0,0.994824,0.996000,0.983190,1.000000
q_ind_89_pop_0,0.988348,0.988607,0.978558,0.996879
q_ind_90_pop_0,0.976398,0.976591,0.963975,0.987655
q_ind_91_pop_0,0.987871,0.987903,0.976526,0.999631
q_ind_92_pop_0,0.969564,0.969735,0.957462,0.980922
q_ind_93_pop_0,0.980722,0.980872,0.968801,0.991882
q_ind_94_pop_0,0.967847,0.967924,0.955114,0.979935
q_ind_95_pop_0,0.973966,0.974139,0.961438,0.985487
q_ind_96_pop_0,0.982082,0.982151,0.970097,0.993573
q_ind_97_pop_0,0.985663,0.985813,0.975368,0.995194
q_ind_98_pop_0,0.994813,0.995901,0.982862,1.000000
q_ind_99_pop_0,0.992585,0.993134,0.979526,1.000000
q_ind_100_pop_0,0.975056,0.975290,0.962826,0.986296
q_ind_101_pop_0,0.260208,0.260173,0.235274,0.285611
q_ind_102_pop_0,0.261623,0.261556,0.238157,0.285470
q_ind_103_pop_0,0.260108,0.259990,0.235934,0.284919
q_ind_104_pop_0,0.503998,0.503905,0.484622,0.523848
q_ind_105_pop_0,0.984729,0.984799,0.970710,0.998729
q_ind_106_pop_0,0.982831,0.983008,0.970239,0.994824
q_ind_107_pop_0,0.952563,0.952722,0.936761,0.967215
q_ind_108_pop_0,0.961164,0.961422,0.946444,0.974682
q_ind_109_pop_0,0.953936,0.953973,0.938487,0.968494
q_ind_110_pop_0,0.975455,0.975502,0.961697,0.988311
q_ind_111_pop_0,0.000063,0.000002,0.000000,0.000560
q_ind_112_pop_0,0.000062,0.000002,0.000000,0.000549
q_ind_113_pop_0,0.000060,0.000002,0.000000,0.000527
q_ind_114_pop_0,0.000054,0.000001,0.000000,0.000474
q_ind_115_pop_0,0.000061,0.000002,0.000000,0.000547
q_ind_116_pop_0,0.998308,0.999779,0.990539,1.000000
q_ind_117_pop_0,0.987544,0.987763,0.977868,0.996109
q_ind_118_pop_0,0.997457,0.998846,0.989614,1.000000
q_ind_119_pop_0,0.999693,0.999992,0.997248,1.000000
q_ind_120_pop_0,0.993321,0.993537,0.983503,1.000000
q_ind_121_pop_0,0.984493,0.984477,0.972691,0.996600
q_ind_122_pop_0,0.030265,0.030036,0.018852,0.042590
q_ind_123_pop_0,0.028488,0.028322,0.016664,0.041484
q_ind_124_pop_0,0.039437,0.039311,0.027852,0.051927
q_ind_125_pop_0,0.039817,0.039722,0.028062,0.052271
q_ind_126_pop_0,0.032002,0.031769,0.020493,0.044513
q_ind_127_pop_0,0.000224,0.000006,0.000000,0.002011
q_ind_128_pop_0,0.001745,0.000142,0.000000,0.011444
q_ind_129_pop_0,0.000367,0.000012,0.000000,0.003065
q_ind_130_pop_0,0.000235,0.000006,0.000000,0.002042
q_ind_131_pop_0,0.013185,0.013167,0.000559,0.024397
q_ind_132_pop_0,0.000060,0.000002,0.000000,0.000546
q_ind_133_pop_0,0.000060,0.000001,0.000000,0.000533
q_ind_134_pop_0,0.000050,0.000001,0.000000,0.000430
q_ind_135_pop_0,0.000063,0.000002,0.000000,0.000555
q_ind_136_pop_0,0.000062,0.000002,0.000000,0.000567
q_ind_137_pop_0,0.000053,0.000001,0.000000,0.000485
q_ind_138_pop_0,0.000339,0.000009,0.000000,0.003012
q_ind_139_pop_0,0.000591,0.000024,0.000000,0.004629
q_ind_140_pop_0,0.003211,0.001857,0.000000,0.012141
q_ind_141_pop_0,0.000339,0.000012,0.000000,0.002842
q_ind_142_pop_0,0.000651,0.000031,0.000000,0.005029
q_ind_143_pop_0,0.000521,0.000020,0.000000,0.004084
q_ind_144_pop_0,0.750856,0.750976,0.729931,0.771323
q_ind_145_pop_0,0.781867,0.782038,0.760115,0.803008
q_ind_146_pop_0,0.801178,0.801297,0.780042,0.821751
q_ind_147_pop_0,0.764483,0.764531,0.741965,0.787182
q_ind_148_pop_0,0.768810,0.768809,0.746561,0.790868
q_ind_149_pop_0,0.782115,0.782117,0.760436,0.803408
q_ind_150_pop_0,0.956826,0.956989,0.941285,0.971320
q_ind_151_pop_0,0.974639,0.974810,0.962398,0.986015
q_ind_152_pop_0,0.971339,0.971467,0.955975,0.985821
q_ind_153_pop_0,0.951254,0.951360,0.937839,0.964008
q_ind_154_pop_0,0.950623,0.950703,0.936830,0.963766
q_ind_155_pop_0,0.977813,0.978083,0.964995,0.989235
q_ind_156_pop_0,0.971743,0.971806,0.960122,0.982933
q_ind_157_pop_0,0.961927,0.962151,0.946631,0.975703
q_ind_158_pop_0,0.566893,0.566831,0.544800,0.589042
q_ind_159_pop_0,0.962630,0.962865,0.948566,0.975690
q_ind_160_pop_0,0.957021,0.957246,0.943141,0.969764
q_ind_161_pop_0,0.969039,0.969187,0.956784,0.980380
q_ind_162_pop_0,0.972569,0.972741,0.959541,0.984677
q_ind_163_pop_0,0.967123,0.967241,0.952653,0.980958
q_ind_164_pop_0,0.952415,0.952535,0.938344,0.965591
q_ind_165_pop_0,0.999326,0.999974,0.994465,1.000000
q_ind_166_pop_0,0.999724,0.999992,0.997713,1.000000
q_ind_167_pop_0,0.993359,0.993758,0.982320,1.000000
q_ind_168_pop_0,0.997237,0.998356,0.989446,1.000000
q_ind_169_pop_0,0.999510,0.999982,0.996023,1.000000
q_ind_170_pop_0,0.999393,0.999976,0.995240,1.000000
q_ind_171_pop_0,0.999165,0.999943,0.994450,1.000000
q_ind_172_pop_0,0.947153,0.947387,0.932638,0.960508
q_ind_173_pop_0,0.999813,0.999995,0.998318,1.000000
q_ind_174_pop_0,0.998400,0.999792,0.990976,1.000000
q_ind_175_pop_0,0.999546,0.999985,0.996226,1.000000
q_ind_176_pop_0,0.999753,0.999993,0.997843,1.000000
q_ind_177_pop_0,0.999663,0.999990,0.997071,1.000000
q_ind_178_pop_0,0.999330,0.999974,0.994540,1.000000
q_ind_179_pop_0,0.999826,0.999996,0.998440,1.000000
q_ind_180_pop_0,0.000615,0.000023,0.000000,0.004742
q_ind_181_pop_0,0.000420,0.000016,0.000000,0.003371
q_ind_182_pop_0,0.000483,0.000018,0.000000,0.003808
q_ind_183_pop_0,0.000406,0.000012,0.000000,0.003354
q_ind_184_pop_0,0.079197,0.079000,0.057484,0.102473
q_ind_185_pop_0,0.073111,0.072965,0.058516,0.088608
q_ind_186_pop_0,0.071394,0.071189,0.056799,0.086895
q_ind_187_pop_0,0.074657,0.074424,0.056716,0.093880
q_ind_188_pop_0,0.056875,0.056517,0.038244,0.077625
q_ind_189_pop_0,0.082662,0.082614,0.065925,0.099678
q_ind_190_pop_0,0.034129,0.034023,0.022627,0.046331
q_ind_191_pop_0,0.027600,0.027307,0.014596,0.041939
q_ind_192_pop_0,0.999889,0.999997,0.998966,1.000000
q_ind_193_pop_0,0.999886,0.999997,0.998984,1.000000
q_ind_194_pop_0,0.999106,0.999893,0.994866,1.000000
q_ind_195_pop_0,0.999798,0.999994,0.998286,1.000000
q_ind_196_pop_0,0.592256,0.592286,0.573544,0.611042
q_ind_197_pop_0,0.999908,0.999998,0.999151,1.000000
q_ind_198_pop_0,0.999909,0.999998,0.999185,1.000000
q_ind_199_pop_0,0.999869,0.999997,0.998830,1.000000
q_ind_200_pop_0,0.999885,0.999997,0.998997,1.000000
q_ind_201_pop_0,0.999898,0.999997,0.999070,1.000000
q_ind_202_pop_0,0.999874,0.999997,0.998879,1.000000
q_ind_203_pop_0,0.568082,0.568049,0.548207,0.587995
q_ind_204_pop_0,0.047642,0.047469,0.036009,0.060109
q_ind_205_pop_0,0.999028,0.999966,0.992469,1.000000
q_ind_206_pop_0,0.973543,0.973677,0.959145,0.986958
q_ind_207_pop_0,0.977000,0.977178,0.963057,0.989507
q_ind_208_pop_0,0.977579,0.977669,0.958260,0.999012
q_ind_209_pop_0,0.998416,0.999916,0.988599,1.000000
q_ind_210_pop_0,0.991975,0.992752,0.977031,1.000000
q_ind_211_pop_0,0.980939,0.981090,0.967139,0.994462
q_ind_212_pop_0,0.981027,0.981328,0.967595,0.993275
q_ind_213_pop_0,0.985253,0.985118,0.971270,0.999981
q_ind_214_pop_0,0.986758,0.986787,0.969873,1.000000
q_ind_215_pop_0,0.996332,0.998283,0.984454,1.000000
q_ind_216_pop_0,0.986827,0.987115,0.973215,0.999071
q_ind_217_pop_0,0.990098,0.990281,0.977181,1.000000
q_ind_218_pop_0,0.981871,0.982006,0.967610,0.996030
q_ind_219_pop_0,0.993906,0.995025,0.980952,1.000000
q_ind_220_pop_0,0.097967,0.097877,0.082351,0.114192
q_ind_221_pop_0,0.529579,0.529588,0.504997,0.553147
q_ind_222_pop_0,0.621916,0.621896,0.600925,0.642773
q_ind_223_pop_0,0.145981,0.145861,0.129028,0.163463
q_ind_224_pop_0,0.394853,0.394878,0.374200,0.415052
q_ind_225_pop_0,0.211417,0.211289,0.193399,0.230202
q_ind_226_pop_0,0.627133,0.627308,0.607290,0.646555
q_ind_227_pop_0,0.574210,0.574196,0.550357,0.597947
q_ind_228_pop_0,0.580662,0.580715,0.560792,0.600568
q_ind_229_pop_0,0.297985,0.297952,0.278968,0.316736
q_ind_230_pop_0,0.110634,0.110500,0.094880,0.127214
q_ind_231_pop_0,0.177843,0.177763,0.160111,0.196363
q_ind_232_pop_0,0.692944,0.692933,0.673935,0.711815
q_ind_233_pop_0,0.604287,0.604405,0.584423,0.623635
q_ind_234_pop_0,0.733080,0.733056,0.713129,0.752959
q_ind_235_pop_0,0.000108,0.000003,0.000000,0.000961
q_ind_236_pop_0,0.000308,0.000013,0.000000,0.002495
q_ind_237_pop_0,0.000070,0.000002,0.000000,0.000620
q_ind_238_pop_0,0.000108,0.000003,0.000000,0.000945
q_ind_239_pop_0,0.000103,0.000003,0.000000,0.000918
q_ind_240_pop_0,0.000199,0.000005,0.000000,0.001731
q_ind_241_pop_0,0.677398,0.677421,0.654818,0.699686
q_ind_242_pop_0,0.534273,0.534123,0.513731,0.555245
q_ind_243_pop_0,0.677463,0.677469,0.656177,0.698441
q_ind_244_pop_0,0.323194,0.323169,0.304481,0.342090
q_ind_245_pop_0,0.330263,0.330246,0.310115,0.350547
q_ind_246_pop_0,0.980269,0.980504,0.967612,0.991381
q_ind_247_pop_0,0.999190,0.999965,0.993787,1.000000
q_ind_248_pop_0,0.997899,0.999675,0.989081,1.000000
q_ind_249_pop_0,0.975616,0.975838,0.961630,0.988308
q_ind_250_pop_0,0.979206,0.979426,0.967311,0.989962
q_ind_251_pop_0,0.990089,0.990319,0.975884,1.000000
q_ind_252_pop_0,0.996719,0.998760,0.985231,1.000000
q_ind_253_pop_0,0.998931,0.999924,0.992984,1.000000
q_ind_254_pop_0,0.711203,0.711128,0.691196,0.731232
q_ind_255_pop_0,0.998103,0.999725,0.989595,1.000000
q_ind_256_pop_0,0.976377,0.976627,0.963067,0.988571
q_ind_257_pop_0,0.993812,0.995056,0.980149,1.000000
q_ind_258_pop_0,0.960745,0.960892,0.947034,0.973556
q_ind_259_pop_0,0.975195,0.975428,0.961235,0.987804
q_ind_260_pop_0,0.968944,0.969188,0.954520,0.982228
q_ind_261_pop_0,0.098658,0.098504,0.077747,0.120138
q_ind_262_pop_0,0.095275,0.095119,0.077307,0.114434
q_ind_263_pop_0,0.082069,0.081975,0.064605,0.100194
q_ind_264_pop_0,0.097186,0.097127,0.080507,0.114394
q_ind_265_pop_0,0.829449,0.829452,0.808053,0.850662
q_ind_266_pop_0,0.053394,0.053259,0.040762,0.066972
q_ind_267_pop_0,0.045724,0.045703,0.033185,0.058656
q_ind_268_pop_0,0.051289,0.051149,0.037139,0.066125
q_ind_269_pop_0,0.041235,0.040991,0.027064,0.056225
q_ind_270_pop_0,0.048992,0.048811,0.036093,0.063074
q_ind_271_pop_0,0.608410,0.608395,0.583067,0.634047
q_ind_272_pop_0,0.609705,0.609735,0.587283,0.632501
q_ind_273_pop_0,0.607123,0.607111,0.583173,0.631663
q_ind_274_pop_0,0.608878,0.608925,0.585947,0.631698
q_ind_275_pop_0,0.612479,0.612369,0.589070,0.635986
q_ind_276_pop_0,0.827184,0.827241,0.806486,0.847583
q_ind_277_pop_0,0.823452,0.823582,0.799157,0.846379
q_ind_278_pop_0,0.817289,0.817475,0.790579,0.842986
q_ind_279_pop_0,0.827238,0.827387,0.806243,0.847259
q_ind_280_pop_0,0.799623,0.799645,0.778741,0.820461
q_ind_281_pop_0,0.999820,0.999995,0.998412,1.000000
q_ind_282_pop_0,0.999481,0.999981,0.995848,1.000000
q_ind_283_pop_0,0.994461,0.994757,0.985252,1.000000
q_ind_284_pop_0,0.999718,0.999991,0.997610,1.000000
q_ind_285_pop_0,0.998776,0.999888,0.992571,1.000000
q_ind_286_pop_0,0.999712,0.999992,0.997415,1.000000
q_ind_287_pop_0,0.999859,0.999997,0.998723,1.000000
q_ind_288_pop_0,0.999670,0.999991,0.997005,1.000000
q_ind_289_pop_0,0.999429,0.999974,0.995766,1.000000
q_ind_290_pop_0,0.998941,0.999929,0.993088,1.000000
q_ind_291_pop_0,0.999552,0.999986,0.996136,1.000000
q_ind_292_pop_0,0.999453,0.999978,0.995620,1.000000
q_ind_293_pop_0,0.999323,0.999962,0.995115,1.000000
q_ind_294_pop_0,0.999605,0.999987,0.996855,1.000000
q_ind_295_pop_0,0.999806,0.999995,0.998234,1.000000
q_ind_296_pop_0,0.104963,0.104708,0.087212,0.123658
q_ind_297_pop_0,0.145426,0.145395,0.126656,0.164449
q_ind_298_pop_0,0.119380,0.119223,0.101712,0.137595
q_ind_299_pop_0,0.103316,0.103140,0.085983,0.121407
q_ind_300_pop_0,0.110920,0.110855,0.090678,0.131600
q_ind_301_pop_0,0.117402,0.117350,0.095868,0.139807
q_ind_302_pop_0,0.128911,0.128852,0.107423,0.151102
q_ind_303_pop_0,0.128089,0.128049,0.109261,0.147065
q_ind_304_pop_0,0.118860,0.118732,0.100543,0.137562
q_ind_305_pop_0,0.112696,0.112693,0.094845,0.130732
q_ind_306_pop_0,0.115961,0.115849,0.096929,0.135710
q_ind_307_pop_0,0.631681,0.631647,0.609526,0.653860
q_ind_308_pop_0,0.638595,0.638639,0.614176,0.662905
q_ind_309_pop_0,0.608928,0.608873,0.583043,0.634509
q_ind_310_pop_0,0.641191,0.641127,0.615390,0.667139
q_ind_311_pop_0,0.644298,0.644359,0.622961,0.665957
q_ind_312_pop_0,0.639397,0.639423,0.617147,0.661600
q_ind_313_pop_0,0.010988,0.011004,0.000000,0.023615
q_ind_314_pop_0,0.000382,0.000011,0.000000,0.003290
q_ind_315_pop_0,0.007132,0.006612,0.000000,0.020189
q_ind_316_pop_0,0.002929,0.000341,0.000000,0.016145
q_ind_317_pop_0,0.002146,0.000143,0.000000,0.013502
q_ind_318_pop_0,0.984378,0.984569,0.974513,0.993151
q_ind_319_pop_0,0.981585,0.981791,0.968734,0.993228
q_ind_320_pop_0,0.993611,0.994004,0.982808,1.000000
q_ind_321_pop_0,0.993458,0.993637,0.985322,0.999999
q_ind_322_pop_0,0.981617,0.981805,0.970833,0.991304
q_ind_323_pop_0,0.980087,0.980246,0.968064,0.990751
q_ind_324_pop_0,0.996187,0.997742,0.985379,1.000000
q_ind_325_pop_0,0.011475,0.010993,0.000000,0.029489
q_ind_326_pop_0,0.018516,0.018286,0.007257,0.031234
q_ind_327_pop_0,0.002010,0.000210,0.000000,0.011937
q_ind_328_pop_0,0.017933,0.017724,0.006801,0.030228
q_ind_329_pop_0,0.641108,0.641108,0.623040,0.659581
q_ind_330_pop_0,0.999938,0.999998,0.999455,1.000000
q_ind_331_pop_0,0.999928,0.999998,0.999349,1.000000
q_ind_332_pop_0,0.999935,0.999998,0.999430,1.000000
q_ind_333_pop_0,0.999942,0.999999,0.999482,1.000000
q_ind_334_pop_0,0.999904,0.999998,0.999141,1.000000
q_ind_335_pop_0,0.999906,0.999998,0.999195,1.000000
q_ind_336_pop_0,0.999933,0.999998,0.999395,1.000000
q_ind_337_pop_0,0.999937,0.999999,0.999437,1.000000
q_ind_338_pop_0,0.999930,0.999998,0.999378,1.000000
q_ind_339_pop_0,0.662772,0.662723,0.639908,0.685848
q_ind_340_pop_0,0.649551,0.649513,0.630338,0.668832
q_ind_341_pop_0,0.999922,0.999998,0.999305,1.000000
q_ind_342_pop_0,0.999917,0.999998,0.999257,1.000000
q_ind_343_pop_0,0.999910,0.999998,0.999218,1.000000
q_ind_344_pop_0,0.061887,0.061738,0.048237,0.076750
q_ind_345_pop_0,0.064184,0.063952,0.050723,0.078941
q_ind_346_pop_0,0.059710,0.059586,0.044844,0.075419
q_ind_347_pop_0,0.059256,0.059073,0.043853,0.075708
q_ind_348_pop_0,0.063956,0.063808,0.048760,0.079903
q_ind_349_pop_0,0.064995,0.064869,0.051393,0.079452
q_ind_350_pop_0,0.043315,0.043180,0.029039,0.058515
q_ind_351_pop_0,0.999230,0.999968,0.994140,1.000000
q_ind_352_pop_0,0.988500,0.988590,0.976256,0.999993
q_ind_353_pop_0,0.983443,0.983628,0.972352,0.993123
q_ind_354_pop_0,0.994860,0.995914,0.983248,1.000000
q_ind_355_pop_0,0.993537,0.994022,0.982143,1.000000
q_ind_356_pop_0,0.986036,0.986218,0.975883,0.995092
q_ind_357_pop_0,0.992776,0.992951,0.982909,1.000000
q_ind_358_pop_0,0.998034,0.999651,0.989746,1.000000
q_ind_359_pop_0,0.982635,0.982847,0.971263,0.992851
q_ind_360_pop_0,0.985311,0.985461,0.975256,0.994504
q_ind_361_pop_0,0.968739,0.968911,0.956603,0.979715
q_ind_362_pop_0,0.989936,0.989941,0.980591,0.999941
q_ind_363_pop_0,0.978079,0.978263,0.966330,0.988670
q_ind_364_pop_0,0.999387,0.999978,0.995067,1.000000
q_ind_365_pop_0,0.998392,0.999855,0.990065,1.000000
q_ind_366_pop_0,0.076650,0.076470,0.062575,0.091776
q_ind_367_pop_0,0.060982,0.060741,0.042973,0.080231
q_ind_368_pop_0,0.275339,0.275225,0.250297,0.301200
q_ind_369_pop_0,0.245240,0.245347,0.215509,0.275334
q_ind_370_pop_0,0.283026,0.282939,0.253022,0.313714
q_ind_371_pop_0,0.241957,0.241754,0.210458,0.274266
q_ind_372_pop_0,0.245309,0.245258,0.223971,0.267158
q_ind_373_pop_0,0.000060,0.000002,0.000000,0.000508
q_ind_374_pop_0,0.000096,0.000002,0.000000,0.000844
q_ind_375_pop_0,0.000059,0.000002,0.000000,0.000518
q_ind_376_pop_0,0.000063,0.000002,0.000000,0.000554
q_ind_377_pop_0,0.000056,0.000002,0.000000,0.000493
q_ind_378_pop_0,0.000060,0.000002,0.000000,0.000518
q_ind_379_pop_0,0.001790,0.000258,0.000000,0.010005
q_ind_380_pop_0,0.000799,0.000032,0.000000,0.005946
q_ind_381_pop_0,0.000453,0.000015,0.000000,0.003751
q_ind_382_pop_0,0.000795,0.000024,0.000000,0.006592
q_ind_383_pop_0,0.000545,0.000020,0.000000,0.004290
q_ind_384_pop_0,0.997727,0.999664,0.987388,1.000000
q_ind_385_pop_0,0.975872,0.976004,0.961153,0.989796
q_ind_386_pop_0,0.985480,0.985771,0.967764,0.999997
q_ind_387_pop_0,0.827982,0.827959,0.805596,0.850499
q_ind_388_pop_0,0.850306,0.850517,0.828573,0.870651
q_ind_389_pop_0,0.801451,0.801543,0.778400,0.824474
q_ind_390_pop_0,0.454108,0.454109,0.430582,0.477620
q_ind_391_pop_0,0.821408,0.821545,0.800889,0.841191
q_ind_392_pop_0,0.845229,0.845244,0.823258,0.867051
q_ind_393_pop_0,0.859598,0.859734,0.839585,0.878946
q_ind_394_pop_0,0.857798,0.857963,0.837951,0.877067
q_ind_395_pop_0,0.846608,0.846650,0.826439,0.866404
q_ind_396_pop_0,0.854365,0.854402,0.834739,0.873505
q_ind_397_pop_0,0.987030,0.987263,0.969973,1.000000
q_ind_398_pop_0,0.002035,0.000475,0.000000,0.010134
q_ind_399_pop_0,0.000346,0.000010,0.000000,0.002950
q_ind_400_pop_0,0.982337,0.982276,0.965112,0.999983
q_ind_401_pop_0,0.997649,0.999818,0.984764,1.000000
q_ind_402_pop_0,0.984828,0.984983,0.971799,0.997466
q_ind_403_pop_0,0.760848,0.760948,0.740497,0.781222
q_ind_404_pop_0,0.755130,0.755182,0.734712,0.775368
q_ind_405_pop_0,0.713274,0.713346,0.689135,0.737022
q_ind_406_pop_0,0.726904,0.726967,0.706307,0.747355
q_ind_407_pop_0,0.328190,0.328079,0.309297,0.347482
q_ind_408_pop_0,0.592328,0.592363,0.566091,0.618256
q_ind_409_pop_0,0.108698,0.108666,0.093666,0.124103
q_ind_410_pop_0,0.135428,0.135329,0.120360,0.150803
q_ind_411_pop_0,0.094649,0.094354,0.074914,0.115669
q_ind_412_pop_0,0.958670,0.958819,0.940916,0.975050
q_ind_413_pop_0,0.976692,0.976858,0.962850,0.989546
q_ind_414_pop_0,0.964316,0.964355,0.950211,0.978190
q_ind_415_pop_0,0.978776,0.978944,0.964256,0.991930
q_ind_416_pop_0,0.981412,0.981572,0.969285,0.992577
q_ind_417_pop_0,0.969649,0.969912,0.955105,0.982804
q_ind_418_pop_0,0.999648,0.999990,0.996970,1.000000
q_ind_419_pop_0,0.999884,0.999997,0.998973,1.000000
q_ind_420_pop_0,0.999918,0.999998,0.999298,1.000000
q_ind_421_pop_0,0.999914,0.999998,0.999255,1.000000
q_ind_422_pop_0,0.999901,0.999997,0.999106,1.000000
q_ind_423_pop_0,0.999863,0.999996,0.998772,1.000000
q_ind_424_pop_0,0.999910,0.999998,0.999189,1.000000
q_ind_425_pop_0,0.999914,0.999998,0.999231,1.000000
q_ind_426_pop_0,0.999926,0.999998,0.999321,1.000000
q_ind_427_pop_0,0.999808,0.999994,0.998348,1.000000
q_ind_428_pop_0,0.999924,0.999998,0.999336,1.000000
q_ind_429_pop_0,0.999887,0.999997,0.999006,1.000000
q_ind_430_pop_0,0.999913,0.999997,0.999253,1.000000
q_ind_431_pop_0,0.999906,0.999998,0.999168,1.000000
q_ind_432_pop_0,0.539383,0.539303,0.514997,0.563404
q_ind_433_pop_0,0.539916,0.539949,0.515088,0.565066
q_ind_434_pop_0,0.548490,0.548393,0.525362,0.571899
q_ind_435_pop_0,0.542919,0.542935,0.517856,0.567972
q_ind_436_pop_0,0.999866,0.999996,0.998829,1.000000
q_ind_437_pop_0,0.544334,0.544316,0.519985,0.568366
q_ind_438_pop_0,0.535597,0.535659,0.511740,0.559573
q_ind_439_pop_0,0.999887,0.999997,0.998984,1.000000
q_ind_440_pop_0,0.999855,0.999996,0.998754,1.000000
q_ind_441_pop_0,0.999777,0.999993,0.998129,1.000000
q_ind_442_pop_0,0.999889,0.999997,0.999005,1.000000
q_ind_443_pop_0,0.999768,0.999994,0.997948,1.000000
q_ind_444_pop_0,0.999899,0.999997,0.999106,1.000000
q_ind_445_pop_0,0.556344,0.556404,0.531903,0.580563
q_ind_446_pop_0,0.753399,0.753528,0.731164,0.775242
q_ind_447_pop_0,0.974378,0.974636,0.959502,0.987964
q_ind_448_pop_0,0.882600,0.882713,0.863234,0.901274
q_ind_449_pop_0,0.970187,0.970505,0.954444,0.984041
q_ind_450_pop_0,0.977815,0.977964,0.964690,0.989704
q_ind_451_pop_0,0.968627,0.968849,0.953606,0.982420
q_ind_452_pop_0,0.985292,0.985006,0.968223,1.000000
q_ind_453_pop_0,0.986065,0.985996,0.966794,1.000000
q_ind_454_pop_0,0.772610,0.772735,0.747206,0.797206
q_ind_455_pop_0,0.960313,0.960615,0.939045,0.980096
q_ind_456_pop_0,0.974212,0.974424,0.960479,0.986854
q_ind_457_pop_0,0.637082,0.637044,0.614298,0.659863
q_ind_458_pop_0,0.658342,0.658450,0.635026,0.681249
q_ind_459_pop_0,0.650766,0.650848,0.626085,0.675058
q_ind_460_pop_0,0.624637,0.624609,0.602487,0.646879
q_ind_461_pop_0,0.651459,0.651484,0.628849,0.673676
q_ind_462_pop_0,0.655484,0.655530,0.630085,0.680541
q_ind_463_pop_0,0.637999,0.638054,0.615065,0.660483
q_ind_464_pop_0,0.998096,0.999824,0.988925,1.000000
q_ind_465_pop_0,0.979955,0.980110,0.967307,0.991421
q_ind_466_pop_0,0.982496,0.982491,0.969522,0.995772
q_ind_467_pop_0,0.980627,0.980721,0.965373,0.995971
q_ind_468_pop_0,0.957687,0.957743,0.944101,0.970885
q_ind_469_pop_0,0.988857,0.988769,0.975444,1.000000
q_ind_470_pop_0,0.848272,0.848272,0.827745,0.868394
q_ind_471_pop_0,0.830480,0.830603,0.808471,0.851382
q_ind_472_pop_0,0.819927,0.820040,0.794094,0.845159
q_ind_473_pop_0,0.837233,0.837443,0.816781,0.856862
q_ind_474_pop_0,0.915181,0.915298,0.899237,0.930754
q_ind_475_pop_0,0.834837,0.835093,0.811105,0.857369
q_ind_476_pop_0,0.000076,0.000002,0.000000,0.000679
q_ind_477_pop_0,0.000065,0.000002,0.000000,0.000583
q_ind_478_pop_0,0.000114,0.000003,0.000000,0.001012
q_ind_479_pop_0,0.000069,0.000002,0.000000,0.000607
q_ind_480_pop_0,0.000104,0.000003,0.000000,0.000895
q_ind_481_pop_0,0.000097,0.000002,0.000000,0.000845
q_ind_482_pop_0,0.709255,0.709441,0.686274,0.731643
q_ind_483_pop_0,0.701409,0.701537,0.675202,0.727530
q_ind_484_pop_0,0.997813,0.999728,0.987542,1.000000
q_ind_485_pop_0,0.999330,0.999982,0.994222,1.000000
q_ind_486_pop_0,0.999056,0.999941,0.993470,1.000000
q_ind_487_pop_0,0.997375,0.999278,0.987757,1.000000
q_ind_488_pop_0,0.993157,0.993708,0.980883,1.000000
q_ind_489_pop_0,0.998455,0.999843,0.990738,1.000000
q_ind_490_pop_0,0.998653,0.999952,0.989353,1.000000
q_ind_491_pop_0,0.998984,0.999951,0.992499,1.000000
q_ind_492_pop_0,0.998152,0.999815,0.988809,1.000000
q_ind_493_pop_0,0.999657,0.999991,0.997002,1.000000
q_ind_494_pop_0,0.999477,0.999985,0.995577,1.000000
q_ind_495_pop_0,0.998267,0.999910,0.987560,1.000000
q_ind_496_pop_0,0.998879,0.999949,0.991372,1.000000
q_ind_497_pop_0,0.999614,0.999986,0.996798,1.000000
q_ind_498_pop_0,0.976635,0.976889,0.963321,0.988761
q_ind_499_pop_0,0.981192,0.981448,0.968982,0.992269
q_ind_500_pop_0,0.979666,0.979974,0.966982,0.990507
q_ind_501_pop_0,0.975891,0.976085,0.962403,0.988333
q_ind_502_pop_0,0.000228,0.000007,0.000000,0.002023
q_ind_503_pop_0,0.000221,0.000006,0.000000,0.001907
q_ind_504_pop_0,0.000374,0.000011,0.000000,0.003122
q_ind_505_pop_0,0.001319,0.000099,0.000000,0.008193
q_ind_506_pop_0,0.007141,0.007164,0.000000,0.016505
q_ind_507_pop_0,0.001267,0.000155,0.000000,0.007372
q_ind_508_pop_0,0.007616,0.007431,0.000003,0.016288
q_ind_509_pop_0,0.000252,0.000008,0.000000,0.002212
q_ind_510_pop_0,0.000398,0.000013,0.000000,0.003319
q_ind_511_pop_0,0.000171,0.000005,0.000000,0.001462
q_ind_512_pop_0,0.000228,0.000006,0.000000,0.002060
q_ind_513_pop_0,0.000299,0.000008,0.000000,0.002599
q_ind_514_pop_0,0.000092,0.000003,0.000000,0.000792
q_ind_515_pop_0,0.000113,0.000003,0.000000,0.001001
q_ind_516_pop_0,0.000074,0.000002,0.000000,0.000646
q_ind_517_pop_0,0.000085,0.000002,0.000000,0.000754
q_ind_518_pop_0,0.000072,0.000002,0.000000,0.000631
q_ind_519_pop_0,0.999826,0.999995,0.998454,1.000000
q_ind_520_pop_0,0.617851,0.617854,0.596955,0.638601
q_ind_521_pop_0,0.999323,0.999967,0.994558,1.000000
q_ind_522_pop_0,0.999487,0.999983,0.995863,1.000000
q_ind_523_pop_0,0.636547,0.636482,0.615065,0.658404
q_ind_524_pop_0,0.999507,0.999978,0.996300,1.000000
q_ind_525_pop_0,0.999887,0.999997,0.999025,1.000000
q_ind_526_pop_0,0.982850,0.983037,0.973863,0.990982
q_ind_527_pop_0,0.999770,0.999994,0.998082,1.000000
q_ind_528_pop_0,0.999634,0.999988,0.996900,1.000000
q_ind_529_pop_0,0.999014,0.999925,0.993595,1.000000
q_ind_530_pop_0,0.541245,0.541235,0.516736,0.565478
q_ind_531_pop_0,0.275668,0.275577,0.253976,0.297851
q_ind_532_pop_0,0.999715,0.999992,0.997383,1.000000
q_ind_533_pop_0,0.778145,0.778179,0.755934,0.800497
q_ind_534_pop_0,0.752930,0.753060,0.730228,0.775187
q_ind_535_pop_0,0.765794,0.765902,0.742451,0.788719
q_ind_536_pop_0,0.779643,0.779581,0.758888,0.800663
q_ind_537_pop_0,0.765856,0.765939,0.743690,0.787935
q_ind_538_pop_0,0.765187,0.765161,0.744343,0.786122
q_ind_539_pop_0,0.000069,0.000002,0.000000,0.000611
q_ind_540_pop_0,0.000078,0.000002,0.000000,0.000705
q_ind_541_pop_0,0.000054,0.000001,0.000000,0.000480
q_ind_542_pop_0,0.000065,0.000002,0.000000,0.000557
q_ind_543_pop_0,0.000061,0.000002,0.000000,0.000549
q_ind_544_pop_0,0.000051,0.000001,0.000000,0.000454
q_ind_545_pop_0,0.000066,0.000002,0.000000,0.000575
q_ind_546_pop_0,0.725718,0.725672,0.703806,0.747738
q_ind_547_pop_0,0.704260,0.704302,0.681179,0.727094
q_ind_548_pop_0,0.806884,0.806907,0.786350,0.827458
q_ind_549_pop_0,0.789894,0.789890,0.768010,0.811076
q_ind_550_pop_0,0.780120,0.780130,0.759045,0.801018
q_ind_551_pop_0,0.792545,0.792674,0.770931,0.813379
q_ind_552_pop_0,0.000222,0.000005,0.000000,0.001959
q_ind_553_pop_0,0.000226,0.000005,0.000000,0.002006
q_ind_554_pop_0,0.000160,0.000004,0.000000,0.001409
q_ind_555_pop_0,0.000195,0.000005,0.000000,0.001698
q_ind_556_pop_0,0.000297,0.000010,0.000000,0.002477
q_ind_557_pop_0,0.832320,0.832462,0.810988,0.852963
q_ind_558_pop_0,0.835151,0.835176,0.813494,0.856508
q_ind_559_pop_0,0.852370,0.852425,0.831409,0.873398
q_ind_560_pop_0,0.844454,0.844595,0.822474,0.865294
q_ind_561_pop_0,0.839932,0.840051,0.818618,0.860985
q_ind_562_pop_0,0.999779,0.999993,0.998119,1.000000
q_ind_563_pop_0,0.999893,0.999997,0.999031,1.000000
q_ind_564_pop_0,0.999846,0.999996,0.998627,1.000000
q_ind_565_pop_0,0.999875,0.999997,0.998888,1.000000
q_ind_566_pop_0,0.999857,0.999996,0.998719,1.000000
q_ind_567_pop_0,0.999795,0.999995,0.998165,1.000000
q_ind_568_pop_0,0.999862,0.999996,0.998778,1.000000
q_ind_569_pop_0,0.999768,0.999993,0.998001,1.000000
q_ind_570_pop_0,0.999621,0.999987,0.996952,1.000000
q_ind_571_pop_0,0.999893,0.999997,0.999072,1.000000
q_ind_572_pop_0,0.999859,0.999996,0.998786,1.000000
q_ind_573_pop_0,0.999257,0.999955,0.995048,1.000000
q_ind_574_pop_0,0.999695,0.999992,0.997374,1.000000
q_ind_575_pop_0,0.999779,0.999993,0.998065,1.000000
q_ind_576_pop_0,0.999907,0.999998,0.999161,1.000000
q_ind_577_pop_0,0.059528,0.059343,0.041415,0.078851
q_ind_578_pop_0,0.051307,0.051087,0.036876,0.067544
q_ind_579_pop_0,0.037587,0.037347,0.020109,0.056683
q_ind_580_pop_0,0.982703,0.983000,0.966655,0.998251
q_ind_581_pop_0,0.992380,0.992650,0.980282,1.000000
q_ind_582_pop_0,0.990668,0.990702,0.979624,1.000000
q_ind_583_pop_0,0.979327,0.979430,0.966403,0.991384
q_ind_584_pop_0,0.967935,0.968095,0.954164,0.980429
q_ind_0_pop_1,0.999863,0.999997,0.998801,1.000000
q_ind_1_pop_1,0.999816,0.999995,0.998333,1.000000
q_ind_2_pop_1,0.999844,0.999996,0.998617,1.000000
q_ind_3_pop_1,0.999472,0.999980,0.995702,1.000000
q_ind_4_pop_1,0.999868,0.999997,0.998804,1.000000
q_ind_5_pop_1,0.999774,0.999994,0.998062,1.000000
q_ind_6_pop_1,0.999801,0.999994,0.998259,1.000000
q_ind_7_pop_1,0.999871,0.999997,0.998856,1.000000
q_ind_8_pop_1,0.999890,0.999997,0.998985,1.000000
q_ind_9_pop_1,0.999880,0.999997,0.998943,1.000000
q_ind_10_pop_1,0.999438,0.999976,0.995561,1.000000
q_ind_11_pop_1,0.999921,0.999998,0.999313,1.000000
q_ind_12_pop_1,0.999758,0.999993,0.997874,1.000000
q_ind_13_pop_1,0.999914,0.999998,0.999245,1.000000
q_ind_14_pop_1,0.999884,0.999997,0.998998,1.000000
q_ind_15_pop_1,0.961484,0.961642,0.946033,0.976159
q_ind_16_pop_1,0.947987,0.948133,0.932329,0.962922
q_ind_17_pop_1,0.972346,0.972794,0.952964,0.988819
q_ind_18_pop_1,0.943578,0.943727,0.927783,0.958212
q_ind_19_pop_1,0.955873,0.956041,0.940683,0.970149
q_ind_20_pop_1,0.000316,0.000009,0.000000,0.002797
q_ind_21_pop_1,0.000643,0.000024,0.000000,0.005091
q_ind_22_pop_1,0.002846,0.001026,0.000000,0.012865
q_ind_23_pop_1,0.001831,0.000274,0.000000,0.010274
q_ind_24_pop_1,0.000506,0.000020,0.000000,0.004127
q_ind_25_pop_1,0.000800,0.000040,0.000000,0.005832
q_ind_26_pop_1,0.000364,0.000010,0.000000,0.003178
q_ind_27_pop_1,0.000209,0.000006,0.000000,0.001852
q_ind_28_pop_1,0.000349,0.000010,0.000000,0.002926
q_ind_29_pop_1,0.000421,0.000013,0.000000,0.003524
q_ind_30_pop_1,0.000590,0.000024,0.000000,0.004412
q_ind_31_pop_1,0.000282,0.000008,0.000000,0.002509
q_ind_32_pop_1,0.001605,0.000181,0.000000,0.009265
q_ind_33_pop_1,0.000359,0.000011,0.000000,0.002994
q_ind_34_pop_1,0.001814,0.000233,0.000000,0.010032
q_ind_35_pop_1,0.999951,0.999999,0.999563,1.000000
q_ind_36_pop_1,0.999948,0.999999,0.999542,1.000000
q_ind_37_pop_1,0.999944,0.999999,0.999520,1.000000
q_ind_38_pop_1,0.999922,0.999998,0.999297,1.000000
q_ind_39_pop_1,0.246905,0.246835,0.225137,0.269258
q_ind_40_pop_1,0.265388,0.265333,0.245266,0.285998
q_ind_41_pop_1,0.258504,0.258447,0.238296,0.279128
q_ind_42_pop_1,0.250867,0.250898,0.230013,0.272153
q_ind_43_pop_1,0.256787,0.256839,0.235944,0.277465
q_ind_44_pop_1,0.225321,0.225223,0.204107,0.246837
q_ind_45_pop_1,0.999948,0.999999,0.999539,1.000000
q_ind_46_pop_1,0.999870,0.999997,0.998888,1.000000
q_ind_47_pop_1,0.999924,0.999998,0.999312,1.000000
q_ind_48_pop_1,0.909572,0.909610,0.894505,0.924335
q_ind_49_pop_1,0.896782,0.896874,0.880364,0.912421
q_ind_50_pop_1,0.909230,0.909283,0.893757,0.924140
q_ind_51_pop_1,0.914407,0.914453,0.899365,0.929213
q_ind_52_pop_1,0.903751,0.903863,0.888131,0.918629
q_ind_53_pop_1,0.914689,0.914679,0.899724,0.929514
q_ind_54_pop_1,0.026646,0.026547,0.014189,0.039785
q_ind_55_pop_1,0.029966,0.029772,0.017395,0.044279
q_ind_56_pop_1,0.025913,0.025741,0.014129,0.038708
q_ind_57_pop_1,0.051550,0.051396,0.038009,0.065989
q_ind_58_pop_1,0.042202,0.042050,0.027853,0.056867
q_ind_59_pop_1,0.031363,0.031191,0.018769,0.045083
q_ind_60_pop_1,0.001608,0.000203,0.000000,0.009374
q_ind_61_pop_1,0.000122,0.000003,0.000000,0.001108
q_ind_62_pop_1,0.000236,0.000006,0.000000,0.002077
q_ind_63_pop_1,0.001442,0.000170,0.000000,0.008295
q_ind_64_pop_1,0.000491,0.000016,0.000000,0.004055
q_ind_65_pop_1,0.000722,0.000026,0.000000,0.005584
q_ind_66_pop_1,0.000137,0.000004,0.000000,0.001248
q_ind_67_pop_1,0.006809,0.006443,0.000000,0.017948
q_ind_68_pop_1,0.000717,0.000027,0.000000,0.005627
q_ind_69_pop_1,0.000319,0.000009,0.000000,0.002778
q_ind_70_pop_1,0.000447,0.000014,0.000000,0.003785
q_ind_71_pop_1,0.001130,0.000074,0.000000,0.007370
q_ind_72_pop_1,0.000145,0.000004,0.000000,0.001270
q_ind_73_pop_1,0.000272,0.000007,0.000000,0.002455
q_ind_74_pop_1,0.937661,0.937766,0.922632,0.951832
q_ind_75_pop_1,0.966744,0.966929,0.953304,0.979244
q_ind_76_pop_1,0.944599,0.944766,0.930358,0.958162
q_ind_77_pop_1,0.932244,0.932458,0.915655,0.947446
q_ind_78_pop_1,0.945743,0.945902,0.931724,0.958781
q_ind_79_pop_1,0.951405,0.951602,0.936886,0.964897
q_ind_80_pop_1,0.999827,0.999995,0.998457,1.000000
q_ind_81_pop_1,0.999904,0.999997,0.999160,1.000000
q_ind_82_pop_1,0.999769,0.999994,0.997967,1.000000
q_ind_83_pop_1,0.999906,0.999998,0.999144,1.000000
q_ind_84_pop_1,0.999790,0.999993,0.998219,1.000000
q_ind_85_pop_1,0.999874,0.999997,0.998927,1.000000
q_ind_86_pop_1,0.019978,0.019773,0.008881,0.032189
q_ind_87_pop_1,0.040952,0.040740,0.028299,0.054542
q_ind_88_pop_1,0.005176,0.004000,0.000000,0.016809
q_ind_89_pop_1,0.011652,0.011393,0.003121,0.021442
q_ind_90_pop_1,0.023602,0.023409,0.012345,0.036025
q_ind_91_pop_1,0.012129,0.012097,0.000369,0.023474
q_ind_92_pop_1,0.030436,0.030265,0.019078,0.042538
q_ind_93_pop_1,0.019278,0.019128,0.008118,0.031199
q_ind_94_pop_1,0.032153,0.032076,0.020066,0.044886
q_ind_95_pop_1,0.026034,0.025861,0.014513,0.038562
q_ind_96_pop_1,0.017918,0.017849,0.006427,0.029903
q_ind_97_pop_1,0.014337,0.014187,0.004806,0.024632
q_ind_98_pop_1,0.005187,0.004099,0.000000,0.017138
q_ind_99_pop_1,0.007415,0.006866,0.000000,0.020474
q_ind_100_pop_1,0.024944,0.024710,0.013704,0.037174
q_ind_101_pop_1,0.739792,0.739827,0.714389,0.764726
q_ind_102_pop_1,0.738377,0.738444,0.714530,0.761843
q_ind_103_pop_1,0.739892,0.740010,0.715081,0.764066
q_ind_104_pop_1,0.496002,0.496095,0.476152,0.515378
q_ind_105_pop_1,0.015271,0.015201,0.001271,0.029290
q_ind_106_pop_1,0.017169,0.016992,0.005176,0.029761
q_ind_107_pop_1,0.047437,0.047278,0.032785,0.063239
q_ind_108_pop_1,0.038836,0.038578,0.025318,0.053556
q_ind_109_pop_1,0.046064,0.046027,0.031506,0.061513
q_ind_110_pop_1,0.024545,0.024498,0.011689,0.038303
q_ind_111_pop_1,0.999937,0.999998,0.999440,1.000000
q_ind_112_pop_1,0.999938,0.999998,0.999451,1.000000
q_ind_113_pop_1,0.999940,0.999998,0.999473,1.000000
q_ind_114_pop_1,0.999946,0.999999,0.999526,1.000000
q_ind_115_pop_1,0.999939,0.999998,0.999453,1.000000
q_ind_116_pop_1,0.001692,0.000221,0.000000,0.009461
q_ind_117_pop_1,0.012456,0.012237,0.003891,0.022132
q_ind_118_pop_1,0.002543,0.001154,0.000000,0.010386
q_ind_119_pop_1,0.000307,0.000008,0.000000,0.002752
q_ind_120_pop_1,0.006679,0.006463,0.000000,0.016497
q_ind_121_pop_1,0.015507,0.015523,0.003400,0.027309
q_ind_122_pop_1,0.969735,0.969964,0.957410,0.981148
q_ind_123_pop_1,0.971512,0.971678,0.958516,0.983336
q_ind_124_pop_1,0.960563,0.960689,0.948073,0.972148
q_ind_125_pop_1,0.960183,0.960278,0.947729,0.971938
q_ind_126_pop_1,0.967998,0.968231,0.955487,0.979507
q_ind_127_pop_1,0.999776,0.999994,0.997989,1.000000
q_ind_128_pop_1,0.998255,0.999858,0.988556,1.000000
q_ind_129_pop_1,0.999633,0.999988,0.996935,1.000000
q_ind_130_pop_1,0.999765,0.999994,0.997958,1.000000
q_ind_131_pop_1,0.986815,0.986833,0.975603,0.999441
q_ind_132_pop_1,0.999940,0.999998,0.999454,1.000000
q_ind_133_pop_1,0.999940,0.999999,0.999467,1.000000
q_ind_134_pop_1,0.999950,0.999999,0.999570,1.000000
q_ind_135_pop_1,0.999937,0.999998,0.999445,1.000000
q_ind_136_pop_1,0.999938,0.999998,0.999433,1.000000
q_ind_137_pop_1,0.999947,0.999999,0.999515,1.000000
q_ind_138_pop_1,0.999661,0.999991,0.996988,1.000000
q_ind_139_pop_1,0.999409,0.999976,0.995371,1.000000
q_ind_140_pop_1,0.996789,0.998143,0.987859,1.000000
q_ind_141_pop_1,0.999661,0.999988,0.997158,1.000000
q_ind_142_pop_1,0.999349,0.999969,0.994971,1.000000
q_ind_143_pop_1,0.999479,0.999980,0.995916,1.000000
q_ind_144_pop_1,0.249144,0.249024,0.228677,0.270069
q_ind_145_pop_1,0.218133,0.217962,0.196992,0.239885
q_ind_146_pop_1,0.198822,0.198703,0.178249,0.219958
q_ind_147_pop_1,0.235517,0.235469,0.212818,0.258035
q_ind_148_pop_1,0.231190,0.231191,0.209132,0.253439
q_ind_149_pop_1,0.217885,0.217883,0.196592,0.239564
q_ind_150_pop_1,0.043174,0.043011,0.028680,0.058715
q_ind_151_pop_1,0.025361,0.025190,0.013985,0.037602
q_ind_152_pop_1,0.028661,0.028533,0.014179,0.044025
q_ind_153_pop_1,0.048746,0.048640,0.035992,0.062161
q_ind_154_pop_1,0.049377,0.049297,0.036234,0.063170
q_ind_155_pop_1,0.022187,0.021917,0.010765,0.035006
q_ind_156_pop_1,0.028257,0.028194,0.017067,0.039878
q_ind_157_pop_1,0.038073,0.037849,0.024297,0.053369
q_ind_158_pop_1,0.433107,0.433169,0.410958,0.455200
q_ind_159_pop_1,0.037370,0.037135,0.024310,0.051434
q_ind_160_pop_1,0.042979,0.042754,0.030236,0.056859
q_ind_161_pop_1,0.030961,0.030813,0.019620,0.043216
q_ind_162_pop_1,0.027431,0.027259,0.015323,0.040459
q_ind_163_pop_1,0.032877,0.032759,0.019042,0.047347
q_ind_164_pop_1,0.047585,0.047465,0.034409,0.061656
q_ind_165_pop_1,0.000674,0.000026,0.000000,0.005535
q_ind_166_pop_1,0.000276,0.000008,0.000000,0.002287
q_ind_167_pop_1,0.006641,0.006242,0.000000,0.017680
q_ind_168_pop_1,0.002763,0.001644,0.000000,0.010554
q_ind_169_pop_1,0.000490,0.000018,0.000000,0.003977
q_ind_170_pop_1,0.000607,0.000024,0.000000,0.004760
q_ind_171_pop_1,0.000835,0.000057,0.000000,0.005550
q_ind_172_pop_1,0.052847,0.052613,0.039492,0.067362
q_ind_173_pop_1,0.000187,0.000005,0.000000,0.001682
q_ind_174_pop_1,0.001600,0.000208,0.000000,0.009024
q_ind_175_pop_1,0.000454,0.000015,0.000000,0.003774
q_ind_176_pop_1,0.000247,0.000007,0.000000,0.002157
q_ind_177_pop_1,0.000337,0.000010,0.000000,0.002929
q_ind_178_pop_1,0.000670,0.000026,0.000000,0.005460
q_ind_179_pop_1,0.000174,0.000004,0.000000,0.001560
q_ind_180_pop_1,0.999385,0.999977,0.995258,1.000000
q_ind_181_pop_1,0.999580,0.999984,0.996629,1.000000
q_ind_182_pop_1,0.999517,0.999982,0.996192,1.000000
q_ind_183_pop_1,0.999594,0.999988,0.996646,1.000000
q_ind_184_pop_1,0.920803,0.921000,0.897527,0.942516
q_ind_185_pop_1,0.926889,0.927035,0.911392,0.941484
q_ind_186_pop_1,0.928606,0.928811,0.913105,0.943201
q_ind_187_pop_1,0.925343,0.925576,0.906120,0.943284
q_ind_188_pop_1,0.943125,0.943483,0.922375,0.961756
q_ind_189_pop_1,0.917338,0.917386,0.900322,0.934075
q_ind_190_pop_1,0.965871,0.965977,0.953669,0.977373
q_ind_191_pop_1,0.972400,0.972694,0.958061,0.985404
q_ind_192_pop_1,0.000111,0.000002,0.000000,0.001034
q_ind_193_pop_1,0.000114,0.000003,0.000000,0.001016
q_ind_194_pop_1,0.000894,0.000107,0.000000,0.005134
q_ind_195_pop_1,0.000202,0.000006,0.000000,0.001714
q_ind_196_pop_1,0.407744,0.407714,0.388958,0.426456
q_ind_197_pop_1,0.000092,0.000002,0.000000,0.000849
q_ind_198_pop_1,0.000091,0.000002,0.000000,0.000815
q_ind_199_pop_1,0.000131,0.000003,0.000000,0.001170
q_ind_200_pop_1,0.000115,0.000003,0.000000,0.001003
q_ind_201_pop_1,0.000102,0.000003,0.000000,0.000930
q_ind_202_pop_1,0.000126,0.000003,0.000000,0.001121
q_ind_203_pop_1,0.431918,0.431951,0.412005,0.451793
q_ind_204_pop_1,0.952358,0.952531,0.939891,0.963991
q_ind_205_pop_1,0.000972,0.000034,0.000000,0.007531
q_ind_206_pop_1,0.026457,0.026323,0.013042,0.040855
q_ind_207_pop_1,0.023000,0.022822,0.010493,0.036943
q_ind_208_pop_1,0.022421,0.022331,0.000988,0.041740
q_ind_209_pop_1,0.001584,0.000084,0.000000,0.011401
q_ind_210_pop_1,0.008025,0.007248,0.000000,0.022969
q_ind_211_pop_1,0.019061,0.018910,0.005538,0.032861
q_ind_212_pop_1,0.018973,0.018672,0.006725,0.032405
q_ind_213_pop_1,0.014747,0.014882,0.000019,0.028730
q_ind_214_pop_1,0.013242,0.013213,0.000000,0.030127
q_ind_215_pop_1,0.003668,0.001717,0.000000,0.015546
q_ind_216_pop_1,0.013173,0.012885,0.000929,0.026785
q_ind_217_pop_1,0.009902,0.009719,0.000000,0.022819
q_ind_218_pop_1,0.018129,0.017994,0.003970,0.032390
q_ind_219_pop_1,0.006094,0.004975,0.000000,0.019048
q_ind_220_pop_1,0.902033,0.902123,0.885808,0.917649
q_ind_221_pop_1,0.470421,0.470412,0.446853,0.495003
q_ind_222_pop_1,0.378084,0.378104,0.357227,0.399075
q_ind_223_pop_1,0.854019,0.854139,0.836537,0.870972
q_ind_224_pop_1,0.605147,0.605122,0.584948,0.625800
q_ind_225_pop_1,0.788583,0.788711,0.769798,0.806601
q_ind_226_pop_1,0.372867,0.372692,0.353446,0.392710
q_ind_227_pop_1,0.425790,0.425804,0.402053,0.449643
q_ind_228_pop_1,0.419338,0.419285,0.399432,0.439208
q_ind_229_pop_1,0.702015,0.702048,0.683264,0.721032
q_ind_230_pop_1,0.889366,0.889500,0.872786,0.905120
q_ind_231_pop_1,0.822157,0.822237,0.803637,0.839889
q_ind_232_pop_1,0.307056,0.307067,0.288185,0.326065
q_ind_233_pop_1,0.395713,0.395595,0.376365,0.415577
q_ind_234_pop_1,0.266920,0.266944,0.247041,0.286871
q_ind_235_pop_1,0.999892,0.999997,0.999039,1.000000
q_ind_236_pop_1,0.999692,0.999987,0.997505,1.000000
q_ind_237_pop_1,0.999930,0.999998,0.999380,1.000000
q_ind_238_pop_1,0.999892,0.999997,0.999055,1.000000
q_ind_239_pop_1,0.999897,0.999997,0.999082,1.000000
q_ind_240_pop_1,0.999801,0.999995,0.998269,1.000000
q_ind_241_pop_1,0.322602,0.322579,0.300314,0.345182
q_ind_242_pop_1,0.465727,0.465877,0.444755,0.486269
q_ind_243_pop_1,0.322537,0.322531,0.301559,0.343823
q_ind_244_pop_1,0.676806,0.676831,0.657910,0.695519
q_ind_245_pop_1,0.669737,0.669754,0.649453,0.689885
q_ind_246_pop_1,0.019731,0.019496,0.008619,0.032388
q_ind_247_pop_1,0.000810,0.000035,0.000000,0.006213
q_ind_248_pop_1,0.002101,0.000325,0.000000,0.010919
q_ind_249_pop_1,0.024384,0.024162,0.011692,0.038370
q_ind_250_pop_1,0.020794,0.020574,0.010038,0.032689
q_ind_251_pop_1,0.009911,0.009681,0.000000,0.024116
q_ind_252_pop_1,0.003281,0.001240,0.000000,0.014769
q_ind_253_pop_1,0.001069,0.000076,0.000000,0.007016
q_ind_254_pop_1,0.288797,0.288872,0.268768,0.308804
q_ind_255_pop_1,0.001897,0.000275,0.000000,0.010405
q_ind_256_pop_1,0.023623,0.023373,0.011429,0.036933
q_ind_257_pop_1,0.006188,0.004944,0.000000,0.019851
q_ind_258_pop_1,0.039255,0.039108,0.026444,0.052966
q_ind_259_pop_1,0.024805,0.024572,0.012196,0.038765
q_ind_260_pop_1,0.031056,0.030812,0.017772,0.045480
q_ind_261_pop_1,0.901342,0.901496,0.879862,0.922253
q_ind_262_pop_1,0.904725,0.904881,0.885566,0.922693
q_ind_263_pop_1,0.917931,0.918025,0.899806,0.935395
q_ind_264_pop_1,0.902814,0.902873,0.885606,0.919493
q_ind_265_pop_1,0.170551,0.170548,0.149338,0.191947
q_ind_266_pop_1,0.946606,0.946741,0.933028,0.959238
q_ind_267_pop_1,0.954276,0.954297,0.941344,0.966815
q_ind_268_pop_1,0.948711,0.948851,0.933875,0.962861
q_ind_269_pop_1,0.958765,0.959009,0.943775,0.972936
q_ind_270_pop_1,0.951008,0.951189,0.936926,0.963907
q_ind_271_pop_1,0.391590,0.391605,0.365953,0.416933
q_ind_272_pop_1,0.390295,0.390265,0.367499,0.412717
q_ind_273_pop_1,0.392877,0.392889,0.368337,0.416827
q_ind_274_pop_1,0.391122,0.391075,0.368302,0.414053
q_ind_275_pop_1,0.387521,0.387631,0.364014,0.410930
q_ind_276_pop_1,0.172816,0.172759,0.152417,0.193514
q_ind_277_pop_1,0.176548,0.176418,0.153621,0.200843
q_ind_278_pop_1,0.182711,0.182525,0.157014,0.209421
q_ind_279_pop_1,0.172762,0.172613,0.152741,0.193757
q_ind_280_pop_1,0.200377,0.200355,0.179539,0.221259
q_ind_281_pop_1,0.000180,0.000005,0.000000,0.001588
q_ind_282_pop_1,0.000519,0.000019,0.000000,0.004152
q_ind_283_pop_1,0.005539,0.005243,0.000000,0.014748
q_ind_284_pop_1,0.000282,0.000009,0.000000,0.002390
q_ind_285_pop_1,0.001224,0.000112,0.000000,0.007429
q_ind_286_pop_1,0.000288,0.000008,0.000000,0.002585
q_ind_287_pop_1,0.000141,0.000003,0.000000,0.001277
q_ind_288_pop_1,0.000330,0.000009,0.000000,0.002995
q_ind_289_pop_1,0.000571,0.000026,0.000000,0.004234
q_ind_290_pop_1,0.001059,0.000071,0.000000,0.006912
q_ind_291_pop_1,0.000448,0.000014,0.000000,0.003864
q_ind_292_pop_1,0.000547,0.000022,0.000000,0.004380
q_ind_293_pop_1,0.000677,0.000038,0.000000,0.004885
q_ind_294_pop_1,0.000395,0.000013,0.000000,0.003145
q_ind_295_pop_1,0.000194,0.000005,0.000000,0.001766
q_ind_296_pop_1,0.895037,0.895292,0.876342,0.912788
q_ind_297_pop_1,0.854574,0.854605,0.835551,0.873344
q_ind_298_pop_1,0.880620,0.880777,0.862405,0.898288
q_ind_299_pop_1,0.896684,0.896860,0.878593,0.914017
q_ind_300_pop_1,0.889080,0.889145,0.868400,0.909322
q_ind_301_pop_1,0.882598,0.882650,0.860193,0.904132
q_ind_302_pop_1,0.871089,0.871148,0.848898,0.892577
q_ind_303_pop_1,0.871911,0.871951,0.852935,0.890739
q_ind_304_pop_1,0.881140,0.881268,0.862439,0.899457
q_ind_305_pop_1,0.887304,0.887307,0.869268,0.905155
q_ind_306_pop_1,0.884039,0.884151,0.864290,0.903071
q_ind_307_pop_1,0.368319,0.368353,0.346140,0.390474
q_ind_308_pop_1,0.361405,0.361361,0.337095,0.385824
q_ind_309_pop_1,0.391072,0.391127,0.365491,0.416957
q_ind_310_pop_1,0.358809,0.358873,0.332861,0.384610
q_ind_311_pop_1,0.355702,0.355641,0.334043,0.377039
q_ind_312_pop_1,0.360603,0.360577,0.338400,0.382853
q_ind_313_pop_1,0.989012,0.988996,0.976385,1.000000
q_ind_314_pop_1,0.999618,0.999989,0.996710,1.000000
q_ind_315_pop_1,0.992868,0.993388,0.979811,1.000000
q_ind_316_pop_1,0.997071,0.999659,0.983855,1.000000
q_ind_317_pop_1,0.997854,0.999857,0.986498,1.000000
q_ind_318_pop_1,0.015622,0.015431,0.006849,0.025487
q_ind_319_pop_1,0.018415,0.018209,0.006772,0.031266
q_ind_320_pop_1,0.006389,0.005996,0.000000,0.017192
q_ind_321_pop_1,0.006542,0.006363,0.000001,0.014678
q_ind_322_pop_1,0.018383,0.018195,0.008696,0.029167
q_ind_323_pop_1,0.019913,0.019754,0.009249,0.031936
q_ind_324_pop_1,0.003813,0.002259,0.000000,0.014621
q_ind_325_pop_1,0.988525,0.989007,0.970511,1.000000
q_ind_326_pop_1,0.981484,0.981714,0.968766,0.992743
q_ind_327_pop_1,0.997990,0.999790,0.988063,1.000000
q_ind_328_pop_1,0.982067,0.982276,0.969772,0.993199
q_ind_329_pop_1,0.358892,0.358892,0.340419,0.376960
q_ind_330_pop_1,0.000062,0.000002,0.000000,0.000545
q_ind_331_pop_1,0.000072,0.000002,0.000000,0.000651
q_ind_332_pop_1,0.000065,0.000002,0.000000,0.000570
q_ind_333_pop_1,0.000058,0.000001,0.000000,0.000518
q_ind_334_pop_1,0.000096,0.000002,0.000000,0.000859
q_ind_335_pop_1,0.000094,0.000002,0.000000,0.000805
q_ind_336_pop_1,0.000067,0.000002,0.000000,0.000605
q_ind_337_pop_1,0.000063,0.000001,0.000000,0.000563
q_ind_338_pop_1,0.000070,0.000002,0.000000,0.000622
q_ind_339_pop_1,0.337228,0.337277,0.314152,0.360092
q_ind_340_pop_1,0.350449,0.350487,0.331168,0.369662
q_ind_341_pop_1,0.000078,0.000002,0.000000,0.000695
q_ind_342_pop_1,0.000083,0.000002,0.000000,0.000743
q_ind_343_pop_1,0.000090,0.000002,0.000000,0.000782
q_ind_344_pop_1,0.938113,0.938262,0.923250,0.951763
q_ind_345_pop_1,0.935816,0.936048,0.921059,0.949277
q_ind_346_pop_1,0.940290,0.940414,0.924581,0.955156
q_ind_347_pop_1,0.940744,0.940927,0.924292,0.956147
q_ind_348_pop_1,0.936044,0.936192,0.920097,0.951240
q_ind_349_pop_1,0.935005,0.935131,0.920548,0.948607
q_ind_350_pop_1,0.956685,0.956820,0.941485,0.970961
q_ind_351_pop_1,0.000770,0.000032,0.000000,0.005860
q_ind_352_pop_1,0.011500,0.011410,0.000007,0.023744
q_ind_353_pop_1,0.016557,0.016372,0.006877,0.027648
q_ind_354_pop_1,0.005140,0.004086,0.000000,0.016752
q_ind_355_pop_1,0.006463,0.005978,0.000000,0.017857
q_ind_356_pop_1,0.013964,0.013782,0.004908,0.024117
q_ind_357_pop_1,0.007224,0.007049,0.000000,0.017091
q_ind_358_pop_1,0.001966,0.000349,0.000000,0.010254
q_ind_359_pop_1,0.017365,0.017153,0.007149,0.028737
q_ind_360_pop_1,0.014689,0.014539,0.005496,0.024744
q_ind_361_pop_1,0.031261,0.031089,0.020285,0.043397
q_ind_362_pop_1,0.010064,0.010059,0.000059,0.019409
q_ind_363_pop_1,0.021921,0.021737,0.011330,0.033670
q_ind_364_pop_1,0.000613,0.000022,0.000000,0.004933
q_ind_365_pop_1,0.001608,0.000145,0.000000,0.009935
q_ind_366_pop_1,0.923350,0.923530,0.908224,0.937425
q_ind_367_pop_1,0.939018,0.939259,0.919769,0.957027
q_ind_368_pop_1,0.724661,0.724775,0.698800,0.749703
q_ind_369_pop_1,0.754760,0.754653,0.724666,0.784491
q_ind_370_pop_1,0.716974,0.717061,0.686286,0.746978
q_ind_371_pop_1,0.758043,0.758246,0.725734,0.789542
q_ind_372_pop_1,0.754691,0.754742,0.732842,0.776029
q_ind_373_pop_1,0.999940,0.999998,0.999492,1.000000
q_ind_374_pop_1,0.999904,0.999998,0.999156,1.000000
q_ind_375_pop_1,0.999941,0.999998,0.999482,1.000000
q_ind_376_pop_1,0.999937,0.999998,0.999446,1.000000
q_ind_377_pop_1,0.999944,0.999998,0.999507,1.000000
q_ind_378_pop_1,0.999940,0.999998,0.999482,1.000000
q_ind_379_pop_1,0.998210,0.999742,0.989995,1.000000
q_ind_380_pop_1,0.999201,0.999968,0.994054,1.000000
q_ind_381_pop_1,0.999547,0.999985,0.996249,1.000000
q_ind_382_pop_1,0.999205,0.999976,0.993408,1.000000
q_ind_383_pop_1,0.999455,0.999979,0.995710,1.000000
q_ind_384_pop_1,0.002273,0.000336,0.000000,0.012612
q_ind_385_pop_1,0.024128,0.023996,0.010204,0.038847
q_ind_386_pop_1,0.014520,0.014229,0.000003,0.032236
q_ind_387_pop_1,0.172018,0.172041,0.149501,0.194404
q_ind_388_pop_1,0.149694,0.149483,0.129349,0.171427
q_ind_389_pop_1,0.198549,0.198457,0.175526,0.221600
q_ind_390_pop_1,0.545892,0.545891,0.522380,0.569418
q_ind_391_pop_1,0.178592,0.178455,0.158809,0.199111
q_ind_392_pop_1,0.154771,0.154756,0.132949,0.176742
q_ind_393_pop_1,0.140402,0.140266,0.121054,0.160415
q_ind_394_pop_1,0.142202,0.142037,0.122933,0.162049
q_ind_395_pop_1,0.153392,0.153350,0.133596,0.173561
q_ind_396_pop_1,0.145635,0.145598,0.126495,0.165261
q_ind_397_pop_1,0.012970,0.012737,0.000000,0.030027
q_ind_398_pop_1,0.997965,0.999525,0.989866,1.000000
q_ind_399_pop_1,0.999654,0.999990,0.997050,1.000000
q_ind_400_pop_1,0.017663,0.017724,0.000017,0.034888
q_ind_401_pop_1,0.002351,0.000182,0.000000,0.015236
q_ind_402_pop_1,0.015172,0.015017,0.002534,0.028201
q_ind_403_pop_1,0.239152,0.239052,0.218778,0.259503
q_ind_404_pop_1,0.244870,0.244818,0.224632,0.265288
q_ind_405_pop_1,0.286726,0.286654,0.262978,0.310864
q_ind_406_pop_1,0.273096,0.273033,0.252644,0.293693
q_ind_407_pop_1,0.671810,0.671921,0.652518,0.690703
q_ind_408_pop_1,0.407672,0.407637,0.381744,0.433909
q_ind_409_pop_1,0.891302,0.891334,0.875897,0.906334
q_ind_410_pop_1,0.864572,0.864671,0.849197,0.879640
q_ind_411_pop_1,0.905351,0.905646,0.884330,0.925086
q_ind_412_pop_1,0.041330,0.041181,0.024950,0.059084
q_ind_413_pop_1,0.023308,0.023142,0.010454,0.037150
q_ind_414_pop_1,0.035684,0.035645,0.021810,0.049789
q_ind_415_pop_1,0.021224,0.021056,0.008070,0.035744
q_ind_416_pop_1,0.018588,0.018428,0.007423,0.030715
q_ind_417_pop_1,0.030351,0.030088,0.017196,0.044895
q_ind_418_pop_1,0.000352,0.000010,0.000000,0.003030
q_ind_419_pop_1,0.000116,0.000003,0.000000,0.001027
q_ind_420_pop_1,0.000082,0.000002,0.000000,0.000702
q_ind_421_pop_1,0.000086,0.000002,0.000000,0.000745
q_ind_422_pop_1,0.000099,0.000003,0.000000,0.000894
q_ind_423_pop_1,0.000137,0.000004,0.000000,0.001228
q_ind_424_pop_1,0.000090,0.000002,0.000000,0.000811
q_ind_425_pop_1,0.000086,0.000002,0.000000,0.000769
q_ind_426_pop_1,0.000074,0.000002,0.000000,0.000679
q_ind_427_pop_1,0.000192,0.000006,0.000000,0.001652
q_ind_428_pop_1,0.000076,0.000002,0.000000,0.000664
q_ind_429_pop_1,0.000113,0.000003,0.000000,0.000994
q_ind_430_pop_1,0.000087,0.000002,0.000000,0.000747
q_ind_431_pop_1,0.000094,0.000002,0.000000,0.000832
q_ind_432_pop_1,0.460617,0.460697,0.436596,0.485003
q_ind_433_pop_1,0.460084,0.460051,0.434934,0.484912
q_ind_434_pop_1,0.451510,0.451607,0.428101,0.474638
q_ind_435_pop_1,0.457081,0.457065,0.432028,0.482144
q_ind_436_pop_1,0.000134,0.000004,0.000000,0.001171
q_ind_437_pop_1,0.455666,0.455684,0.431634,0.480015
q_ind_438_pop_1,0.464403,0.464341,0.440427,0.488260
q_ind_439_pop_1,0.000113,0.000003,0.000000,0.001016
q_ind_440_pop_1,0.000145,0.000004,0.000000,0.001246
q_ind_441_pop_1,0.000223,0.000007,0.000000,0.001871
q_ind_442_pop_1,0.000111,0.000003,0.000000,0.000995
q_ind_443_pop_1,0.000232,0.000006,0.000000,0.002052
q_ind_444_pop_1,0.000101,0.000003,0.000000,0.000894
q_ind_445_pop_1,0.443656,0.443596,0.419437,0.468097
q_ind_446_pop_1,0.246601,0.246472,0.224758,0.268836
q_ind_447_pop_1,0.025622,0.025364,0.012036,0.040498
q_ind_448_pop_1,0.117400,0.117287,0.098726,0.136766
q_ind_449_pop_1,0.029813,0.029495,0.015959,0.045556
q_ind_450_pop_1,0.022185,0.022036,0.010296,0.035310
q_ind_451_pop_1,0.031373,0.031151,0.017580,0.046394
q_ind_452_pop_1,0.014708,0.014994,0.000000,0.031777
q_ind_453_pop_1,0.013935,0.014004,0.000000,0.033206
q_ind_454_pop_1,0.227390,0.227265,0.202794,0.252794
q_ind_455_pop_1,0.039687,0.039385,0.019904,0.060955
q_ind_456_pop_1,0.025788,0.025576,0.013146,0.039521
q_ind_457_pop_1,0.362918,0.362956,0.340137,0.385702
q_ind_458_pop_1,0.341658,0.341550,0.318751,0.364974
q_ind_459_pop_1,0.349234,0.349152,0.324942,0.373915
q_ind_460_pop_1,0.375363,0.375391,0.353121,0.397513
q_ind_461_pop_1,0.348541,0.348516,0.326324,0.371151
q_ind_462_pop_1,0.344516,0.344470,0.319459,0.369915
q_ind_463_pop_1,0.362001,0.361946,0.339517,0.384935
q_ind_464_pop_1,0.001904,0.000176,0.000000,0.011075
q_ind_465_pop_1,0.020045,0.019890,0.008579,0.032693
q_ind_466_pop_1,0.017504,0.017509,0.004228,0.030478
q_ind_467_pop_1,0.019373,0.019279,0.004029,0.034627
q_ind_468_pop_1,0.042313,0.042257,0.029115,0.055899
q_ind_469_pop_1,0.011143,0.011231,0.000000,0.024556
q_ind_470_pop_1,0.151728,0.151728,0.131606,0.172255
q_ind_471_pop_1,0.169520,0.169397,0.148618,0.191529
q_ind_472_pop_1,0.180073,0.179960,0.154841,0.205906
q_ind_473_pop_1,0.162767,0.162557,0.143138,0.183219
q_ind_474_pop_1,0.084819,0.084702,0.069246,0.100763
q_ind_475_pop_1,0.165163,0.164907,0.142631,0.188895
q_ind_476_pop_1,0.999924,0.999998,0.999321,1.000000
q_ind_477_pop_1,0.999935,0.999998,0.999417,1.000000
q_ind_478_pop_1,0.999886,0.999997,0.998988,1.000000
q_ind_479_pop_1,0.999931,0.999998,0.999393,1.000000
q_ind_480_pop_1,0.999896,0.999997,0.999105,1.000000
q_ind_481_pop_1,0.999903,0.999997,0.999155,1.000000
q_ind_482_pop_1,0.290745,0.290559,0.268357,0.313726
q_ind_483_pop_1,0.298591,0.298463,0.272470,0.324798
q_ind_484_pop_1,0.002187,0.000272,0.000000,0.012458
q_ind_485_pop_1,0.000670,0.000018,0.000000,0.005778
q_ind_486_pop_1,0.000944,0.000059,0.000000,0.006530
q_ind_487_pop_1,0.002625,0.000722,0.000000,0.012243
q_ind_488_pop_1,0.006843,0.006292,0.000000,0.019117
q_ind_489_pop_1,0.001545,0.000157,0.000000,0.009262
q_ind_490_pop_1,0.001347,0.000048,0.000000,0.010648
q_ind_491_pop_1,0.001016,0.000049,0.000000,0.007501
q_ind_492_pop_1,0.001848,0.000185,0.000000,0.011191
q_ind_493_pop_1,0.000343,0.000009,0.000000,0.002998
q_ind_494_pop_1,0.000523,0.000015,0.000000,0.004423
q_ind_495_pop_1,0.001733,0.000090,0.000000,0.012440
q_ind_496_pop_1,0.001121,0.000051,0.000000,0.008628
q_ind_497_pop_1,0.000386,0.000014,0.000000,0.003202
q_ind_498_pop_1,0.023365,0.023111,0.011239,0.036679
q_ind_499_pop_1,0.018808,0.018552,0.007731,0.031018
q_ind_500_pop_1,0.020334,0.020026,0.009493,0.033018
q_ind_501_pop_1,0.024109,0.023915,0.011667,0.037597
q_ind_502_pop_1,0.999772,0.999993,0.997977,1.000000
q_ind_503_pop_1,0.999779,0.999994,0.998092,1.000000
q_ind_504_pop_1,0.999626,0.999989,0.996878,1.000000
q_ind_505_pop_1,0.998681,0.999901,0.991807,1.000000
q_ind_506_pop_1,0.992859,0.992836,0.983495,1.000000
q_ind_507_pop_1,0.998733,0.999845,0.992628,1.000000
q_ind_508_pop_1,0.992384,0.992569,0.983712,0.999997
q_ind_509_pop_1,0.999748,0.999992,0.997788,1.000000
q_ind_510_pop_1,0.999602,0.999987,0.996681,1.000000
q_ind_511_pop_1,0.999829,0.999995,0.998538,1.000000
q_ind_512_pop_1,0.999772,0.999994,0.997940,1.000000
q_ind_513_pop_1,0.999701,0.999992,0.997401,1.000000
q_ind_514_pop_1,0.999908,0.999997,0.999208,1.000000
q_ind_515_pop_1,0.999887,0.999997,0.998999,1.000000
q_ind_516_pop_1,0.999926,0.999998,0.999354,1.000000
q_ind_517_pop_1,0.999915,0.999998,0.999246,1.000000
q_ind_518_pop_1,0.999928,0.999998,0.999369,1.000000
q_ind_519_pop_1,0.000174,0.000005,0.000000,0.001546
q_ind_520_pop_1,0.382149,0.382146,0.361399,0.403045
q_ind_521_pop_1,0.000677,0.000033,0.000000,0.005442
q_ind_522_pop_1,0.000513,0.000017,0.000000,0.004137
q_ind_523_pop_1,0.363453,0.363518,0.341596,0.384935
q_ind_524_pop_1,0.000493,0.000022,0.000000,0.003700
q_ind_525_pop_1,0.000113,0.000003,0.000000,0.000975
q_ind_526_pop_1,0.017150,0.016963,0.009018,0.026137
q_ind_527_pop_1,0.000230,0.000006,0.000000,0.001918
q_ind_528_pop_1,0.000366,0.000012,0.000000,0.003100
q_ind_529_pop_1,0.000986,0.000075,0.000000,0.006405
q_ind_530_pop_1,0.458755,0.458765,0.434522,0.483264
q_ind_531_pop_1,0.724332,0.724423,0.702149,0.746024
q_ind_532_pop_1,0.000285,0.000008,0.000000,0.002617
q_ind_533_pop_1,0.221855,0.221821,0.199503,0.244066
q_ind_534_pop_1,0.247070,0.246940,0.224813,0.269772
q_ind_535_pop_1,0.234206,0.234098,0.211281,0.257549
q_ind_536_pop_1,0.220357,0.220419,0.199337,0.241112
q_ind_537_pop_1,0.234144,0.234061,0.212065,0.256310
q_ind_538_pop_1,0.234813,0.234839,0.213878,0.255657
q_ind_539_pop_1,0.999931,0.999998,0.999389,1.000000
q_ind_540_pop_1,0.999922,0.999998,0.999295,1.000000
q_ind_541_pop_1,0.999946,0.999999,0.999520,1.000000
q_ind_542_pop_1,0.999935,0.999998,0.999443,1.000000
q_ind_543_pop_1,0.999939,0.999998,0.999451,1.000000
q_ind_544_pop_1,0.999949,0.999999,0.999546,1.000000
q_ind_545_pop_1,0.999934,0.999998,0.999425,1.000000
q_ind_546_pop_1,0.274282,0.274328,0.252262,0.296194
q_ind_547_pop_1,0.295740,0.295698,0.272906,0.318821
q_ind_548_pop_1,0.193116,0.193093,0.172542,0.213650
q_ind_549_pop_1,0.210106,0.210110,0.188924,0.231990
q_ind_550_pop_1,0.219880,0.219870,0.198982,0.240955
q_ind_551_pop_1,0.207455,0.207326,0.186621,0.229069
q_ind_552_pop_1,0.999778,0.999995,0.998041,1.000000
q_ind_553_pop_1,0.999774,0.999995,0.997994,1.000000
q_ind_554_pop_1,0.999840,0.999996,0.998591,1.000000
q_ind_555_pop_1,0.999805,0.999995,0.998302,1.000000
q_ind_556_pop_1,0.999703,0.999990,0.997523,1.000000
q_ind_557_pop_1,0.167680,0.167538,0.147037,0.189012
q_ind_558_pop_1,0.164849,0.164824,0.143492,0.186506
q_ind_559_pop_1,0.147630,0.147575,0.126602,0.168591
q_ind_560_pop_1,0.155546,0.155405,0.134706,0.177526
q_ind_561_pop_1,0.160068,0.159949,0.139015,0.181382
q_ind_562_pop_1,0.000221,0.000007,0.000000,0.001881
q_ind_563_pop_1,0.000107,0.000003,0.000000,0.000969
q_ind_564_pop_1,0.000154,0.000004,0.000000,0.001373
q_ind_565_pop_1,0.000125,0.000003,0.000000,0.001112
q_ind_566_pop_1,0.000143,0.000004,0.000000,0.001281
q_ind_567_pop_1,0.000205,0.000005,0.000000,0.001835
q_ind_568_pop_1,0.000138,0.000004,0.000000,0.001222
q_ind_569_pop_1,0.000232,0.000007,0.000000,0.001999
q_ind_570_pop_1,0.000379,0.000013,0.000000,0.003048
q_ind_571_pop_1,0.000107,0.000003,0.000000,0.000928
q_ind_572_pop_1,0.000141,0.000004,0.000000,0.001214
q_ind_573_pop_1,0.000743,0.000045,0.000000,0.004952
q_ind_574_pop_1,0.000305,0.000008,0.000000,0.002626
q_ind_575_pop_1,0.000221,0.000007,0.000000,0.001935
q_ind_576_pop_1,0.000093,0.000002,0.000000,0.000839
q_ind_577_pop_1,0.940472,0.940657,0.921149,0.958585
q_ind_578_pop_1,0.948693,0.948913,0.932456,0.963124
q_ind_579_pop_1,0.962413,0.962653,0.943317,0.979891
q_ind_580_pop_1,0.017297,0.017000,0.001749,0.033345
q_ind_581_pop_1,0.007620,0.007350,0.000000,0.019718
q_ind_582_pop_1,0.009332,0.009298,0.000000,0.020376
q_ind_583_pop_1,0.020673,0.020570,0.008616,0.033597
q_ind_584_pop_1,0.032065,0.031905,0.019571,0.045836
