param,mean,median,ci_0.950_LB,ci_0.950_UB
q_ind_0_pop_0,0.236054,0.236154,0.204706,0.266901
q_ind_1_pop_0,0.213810,0.213795,0.187706,0.240475
q_ind_2_pop_0,0.182597,0.182218,0.151692,0.215132
q_ind_3_pop_0,0.182515,0.182567,0.156959,0.208073
q_ind_4_pop_0,0.196655,0.196661,0.173046,0.221205
q_ind_5_pop_0,0.185779,0.185562,0.157971,0.215431
q_ind_6_pop_0,0.212743,0.212615,0.187800,0.238646
q_ind_7_pop_0,0.184737,0.184581,0.159048,0.211868
q_ind_8_pop_0,0.214984,0.214827,0.189957,0.240368
q_ind_9_pop_0,0.195287,0.195181,0.169283,0.222105
q_ind_10_pop_0,0.210686,0.210662,0.186114,0.235637
q_ind_11_pop_0,0.202858,0.202830,0.177650,0.228058
q_ind_12_pop_0,0.255819,0.255735,0.234282,0.277708
q_ind_13_pop_0,0.000544,0.000097,0.000000,0.003823
q_ind_14_pop_0,0.000548,0.000097,0.000000,0.003700
q_ind_15_pop_0,0.000698,0.000125,0.000000,0.004713
q_ind_16_pop_0,0.000519,0.000096,0.000000,0.003530
q_ind_17_pop_0,0.000488,0.000086,0.000000,0.003229
q_ind_18_pop_0,0.002083,0.000838,0.000000,0.009794
q_ind_19_pop_0,0.000742,0.000143,0.000000,0.004876
q_ind_20_pop_0,0.755523,0.755734,0.726823,0.783677
q_ind_21_pop_0,0.998002,0.998940,0.991136,0.999998
q_ind_22_pop_0,0.996595,0.997649,0.987836,0.999994
q_ind_23_pop_0,0.999174,0.999604,0.996037,0.999999
q_ind_24_pop_0,0.999070,0.999566,0.995466,0.999999
q_ind_25_pop_0,0.999064,0.999556,0.995414,0.999999
q_ind_26_pop_0,0.998925,0.999487,0.994774,0.999999
q_ind_27_pop_0,0.999126,0.999583,0.995684,0.999999
q_ind_28_pop_0,0.984467,0.984713,0.971305,0.996704
q_ind_29_pop_0,0.868696,0.868875,0.844598,0.891599
q_ind_30_pop_0,0.999310,0.999683,0.996575,0.999999
q_ind_31_pop_0,0.999196,0.999636,0.995810,0.999999
q_ind_32_pop_0,0.000199,0.000034,0.000000,0.001391
q_ind_33_pop_0,0.000304,0.000051,0.000000,0.002122
q_ind_34_pop_0,0.000263,0.000043,0.000000,0.001826
q_ind_35_pop_0,0.221319,0.221199,0.197932,0.245961
q_ind_36_pop_0,0.000168,0.000029,0.000000,0.001147
q_ind_37_pop_0,0.000453,0.000080,0.000000,0.003028
q_ind_38_pop_0,0.000371,0.000066,0.000000,0.002549
q_ind_39_pop_0,0.000560,0.000113,0.000000,0.003535
q_ind_40_pop_0,0.000264,0.000046,0.000000,0.001771
q_ind_41_pop_0,0.000532,0.000101,0.000000,0.003428
q_ind_42_pop_0,0.007440,0.007194,0.000005,0.017790
q_ind_43_pop_0,0.000300,0.000049,0.000000,0.002072
q_ind_44_pop_0,0.996987,0.998431,0.986908,0.999997
q_ind_45_pop_0,0.978939,0.979082,0.961604,0.996363
q_ind_46_pop_0,0.976184,0.976293,0.961089,0.989941
q_ind_47_pop_0,0.997738,0.998980,0.989331,0.999998
q_ind_48_pop_0,0.998810,0.999479,0.993807,0.999999
q_ind_49_pop_0,0.995387,0.997148,0.981494,0.999995
q_ind_50_pop_0,0.996746,0.998441,0.984884,0.999997
q_ind_51_pop_0,0.990213,0.990509,0.977879,0.999885
q_ind_52_pop_0,0.996086,0.997312,0.986079,0.999995
q_ind_53_pop_0,0.998314,0.999205,0.991981,0.999999
q_ind_54_pop_0,0.992078,0.994270,0.974071,0.999988
q_ind_55_pop_0,0.992467,0.993533,0.978171,0.999980
q_ind_56_pop_0,0.000314,0.000056,0.000000,0.002066
q_ind_57_pop_0,0.000547,0.000104,0.000000,0.003585
q_ind_58_pop_0,0.000200,0.000034,0.000000,0.001369
q_ind_59_pop_0,0.000286,0.000045,0.000000,0.002052
q_ind_60_pop_0,0.000188,0.000033,0.000000,0.001270
q_ind_61_pop_0,0.000410,0.000068,0.000000,0.002905
q_ind_62_pop_0,0.000221,0.000039,0.000000,0.001500
q_ind_63_pop_0,0.000152,0.000026,0.000000,0.001067
q_ind_64_pop_0,0.000245,0.000041,0.000000,0.001652
q_ind_65_pop_0,0.000217,0.000038,0.000000,0.001469
q_ind_66_pop_0,0.000254,0.000047,0.000000,0.001707
q_ind_67_pop_0,0.000197,0.000033,0.000000,0.001328
q_ind_68_pop_0,0.995649,0.997032,0.984505,0.999995
q_ind_69_pop_0,0.746747,0.746658,0.724356,0.768690
q_ind_70_pop_0,0.627537,0.627741,0.600329,0.653288
q_ind_71_pop_0,0.996290,0.997692,0.986483,0.999996
q_ind_72_pop_0,0.998521,0.999364,0.992689,0.999999
q_ind_73_pop_0,0.994052,0.995014,0.982345,0.999987
q_ind_74_pop_0,0.989809,0.989933,0.978765,0.999716
q_ind_75_pop_0,0.992898,0.993793,0.980282,0.999982
q_ind_76_pop_0,0.984364,0.984556,0.972132,0.995773
q_ind_77_pop_0,0.998384,0.999320,0.991856,0.999999
q_ind_78_pop_0,0.891327,0.891341,0.873610,0.908571
q_ind_79_pop_0,0.998812,0.999479,0.993914,0.999999
q_ind_80_pop_0,0.999260,0.999649,0.996358,0.999999
q_ind_81_pop_0,0.999120,0.999566,0.995864,0.999999
q_ind_82_pop_0,0.998796,0.999431,0.994076,0.999999
q_ind_83_pop_0,0.998745,0.999403,0.993844,0.999999
q_ind_84_pop_0,0.936859,0.937100,0.918226,0.954399
q_ind_85_pop_0,0.995359,0.996261,0.985488,0.999988
q_ind_86_pop_0,0.997857,0.998592,0.992078,0.999996
q_ind_87_pop_0,0.999102,0.999599,0.995434,0.999999
q_ind_88_pop_0,0.936286,0.936546,0.917451,0.954078
q_ind_89_pop_0,0.998772,0.999418,0.994135,0.999999
q_ind_90_pop_0,0.999179,0.999619,0.995964,0.999999
q_ind_91_pop_0,0.999062,0.999583,0.995260,0.999999
q_ind_92_pop_0,0.998880,0.999475,0.994422,0.999999
q_ind_93_pop_0,0.997040,0.998114,0.988697,0.999996
q_ind_94_pop_0,0.999140,0.999625,0.995694,0.999999
q_ind_95_pop_0,0.999194,0.999624,0.995993,0.999999
q_ind_96_pop_0,0.998331,0.999125,0.992610,0.999998
q_ind_97_pop_0,0.998864,0.999416,0.994711,0.999999
q_ind_98_pop_0,0.998949,0.999511,0.994739,0.999999
q_ind_99_pop_0,0.861351,0.861311,0.842208,0.880369
q_ind_100_pop_0,0.049915,0.049771,0.038852,0.061618
q_ind_101_pop_0,0.073052,0.072900,0.060875,0.085785
q_ind_102_pop_0,0.056779,0.056603,0.045405,0.069395
q_ind_103_pop_0,0.067858,0.067822,0.055705,0.080178
q_ind_104_pop_0,0.060773,0.060629,0.049275,0.072864
q_ind_105_pop_0,0.074191,0.074085,0.061596,0.087449
q_ind_106_pop_0,0.053482,0.053351,0.042224,0.065522
q_ind_107_pop_0,0.065065,0.064998,0.052858,0.077673
q_ind_108_pop_0,0.086648,0.086587,0.073725,0.099857
q_ind_109_pop_0,0.071593,0.071525,0.059351,0.084497
q_ind_110_pop_0,0.060732,0.060605,0.048833,0.073177
q_ind_111_pop_0,0.072643,0.072502,0.060197,0.085613
q_ind_112_pop_0,0.022239,0.022162,0.015450,0.029635
q_ind_113_pop_0,0.073126,0.073056,0.062399,0.084451
q_ind_114_pop_0,0.031707,0.031643,0.023776,0.040261
q_ind_115_pop_0,0.028000,0.027866,0.020823,0.035952
q_ind_116_pop_0,0.049686,0.049545,0.040161,0.059836
q_ind_117_pop_0,0.036780,0.036610,0.028296,0.046093
q_ind_118_pop_0,0.016907,0.016743,0.011058,0.023586
q_ind_119_pop_0,0.024250,0.024172,0.017278,0.031836
q_ind_120_pop_0,0.040661,0.040557,0.032232,0.049796
q_ind_121_pop_0,0.030806,0.030627,0.023336,0.039329
q_ind_122_pop_0,0.043701,0.043611,0.034619,0.053387
q_ind_123_pop_0,0.017102,0.017005,0.011286,0.023633
q_ind_124_pop_0,0.087393,0.087318,0.076145,0.099039
q_ind_125_pop_0,0.044477,0.044397,0.034931,0.054708
q_ind_126_pop_0,0.048876,0.048709,0.039521,0.059116
q_ind_127_pop_0,0.077216,0.077077,0.066011,0.089033
q_ind_128_pop_0,0.033411,0.033326,0.025367,0.041907
q_ind_129_pop_0,0.018693,0.018614,0.012463,0.025341
q_ind_130_pop_0,0.029387,0.029269,0.021800,0.037736
q_ind_131_pop_0,0.055796,0.055707,0.045840,0.066208
q_ind_132_pop_0,0.063985,0.063890,0.053361,0.075158
q_ind_133_pop_0,0.077583,0.077444,0.066290,0.089795
q_ind_134_pop_0,0.174098,0.174060,0.159959,0.188367
q_ind_135_pop_0,0.145383,0.145364,0.130910,0.159879
q_ind_136_pop_0,0.132012,0.131883,0.117930,0.146895
q_ind_137_pop_0,0.130522,0.130497,0.116183,0.145265
q_ind_138_pop_0,0.124154,0.124111,0.110113,0.138276
q_ind_139_pop_0,0.147248,0.147142,0.132826,0.162037
q_ind_140_pop_0,0.162399,0.162434,0.147438,0.177474
q_ind_141_pop_0,0.124203,0.124131,0.110403,0.138355
q_ind_142_pop_0,0.114297,0.114178,0.100617,0.128419
q_ind_143_pop_0,0.147399,0.147326,0.132395,0.162562
q_ind_144_pop_0,0.159242,0.159214,0.144602,0.174072
q_ind_145_pop_0,0.147773,0.147657,0.133423,0.162670
q_ind_146_pop_0,0.132418,0.132424,0.117866,0.146768
q_ind_147_pop_0,0.665219,0.665168,0.646254,0.684401
q_ind_148_pop_0,0.648595,0.648505,0.629256,0.667967
q_ind_149_pop_0,0.762745,0.762878,0.745878,0.779386
q_ind_150_pop_0,0.489832,0.489785,0.470504,0.509236
q_ind_151_pop_0,0.738372,0.738367,0.721504,0.755260
q_ind_152_pop_0,0.624752,0.624830,0.606145,0.642697
q_ind_153_pop_0,0.607068,0.606981,0.588154,0.626582
q_ind_154_pop_0,0.598030,0.597944,0.577338,0.619073
q_ind_155_pop_0,0.804781,0.804802,0.789307,0.820207
q_ind_156_pop_0,0.560023,0.559978,0.541742,0.578114
q_ind_157_pop_0,0.747729,0.747795,0.729348,0.765857
q_ind_158_pop_0,0.685689,0.685734,0.667593,0.703421
q_ind_159_pop_0,0.037651,0.037511,0.029339,0.046593
q_ind_160_pop_0,0.031373,0.031255,0.023777,0.039755
q_ind_161_pop_0,0.067920,0.067774,0.056735,0.079814
q_ind_162_pop_0,0.077655,0.077619,0.066303,0.089601
q_ind_163_pop_0,0.035352,0.035213,0.027206,0.044235
q_ind_164_pop_0,0.047865,0.047756,0.038787,0.057667
q_ind_165_pop_0,0.050398,0.050296,0.041017,0.060473
q_ind_166_pop_0,0.031221,0.031146,0.023305,0.039446
q_ind_167_pop_0,0.039118,0.039013,0.030491,0.048225
q_ind_168_pop_0,0.051603,0.051422,0.041857,0.061997
q_ind_169_pop_0,0.067698,0.067601,0.056645,0.079075
q_ind_170_pop_0,0.032401,0.032276,0.024687,0.040718
q_ind_171_pop_0,0.109558,0.109470,0.096450,0.123271
q_ind_172_pop_0,0.130259,0.130232,0.115993,0.144424
q_ind_173_pop_0,0.135221,0.135188,0.120840,0.149668
q_ind_174_pop_0,0.119558,0.119518,0.105737,0.134126
q_ind_175_pop_0,0.121453,0.121405,0.107452,0.135463
q_ind_176_pop_0,0.142086,0.142084,0.127818,0.156548
q_ind_177_pop_0,0.135124,0.135011,0.121117,0.149670
q_ind_178_pop_0,0.214940,0.214913,0.200581,0.229559
q_ind_179_pop_0,0.116491,0.116359,0.102926,0.130505
q_ind_180_pop_0,0.118046,0.117964,0.104039,0.132518
q_ind_181_pop_0,0.110339,0.110313,0.096677,0.124057
q_ind_182_pop_0,0.113724,0.113641,0.100342,0.127561
q_ind_183_pop_0,0.377082,0.377045,0.360069,0.394383
q_ind_184_pop_0,0.482997,0.482935,0.464225,0.501887
q_ind_185_pop_0,0.399174,0.399259,0.382622,0.415671
q_ind_186_pop_0,0.332215,0.332193,0.316877,0.347678
q_ind_187_pop_0,0.443400,0.443342,0.424912,0.462602
q_ind_188_pop_0,0.534501,0.534640,0.514780,0.553765
q_ind_189_pop_0,0.527671,0.527758,0.508552,0.546373
q_ind_190_pop_0,0.516890,0.516850,0.497356,0.536564
q_ind_191_pop_0,0.488527,0.488620,0.469813,0.507055
q_ind_192_pop_0,0.488292,0.488376,0.468850,0.507305
q_ind_193_pop_0,0.448916,0.448919,0.430594,0.467412
q_ind_194_pop_0,0.502780,0.502762,0.483829,0.521734
q_ind_195_pop_0,0.072761,0.072643,0.062097,0.084075
q_ind_196_pop_0,0.055318,0.055183,0.046083,0.065290
q_ind_197_pop_0,0.060425,0.060407,0.050602,0.070601
q_ind_198_pop_0,0.232003,0.232003,0.217432,0.246262
q_ind_199_pop_0,0.067486,0.067406,0.057238,0.078101
q_ind_200_pop_0,0.073507,0.073424,0.062371,0.085054
q_ind_201_pop_0,0.062369,0.062298,0.052222,0.073059
q_ind_202_pop_0,0.174099,0.174019,0.161030,0.187686
q_ind_203_pop_0,0.056050,0.055949,0.046259,0.066260
q_ind_204_pop_0,0.062621,0.062498,0.052358,0.073534
q_ind_205_pop_0,0.052192,0.052122,0.042843,0.062003
q_ind_206_pop_0,0.022607,0.022505,0.016692,0.029140
q_ind_207_pop_0,0.018867,0.018810,0.013351,0.024858
q_ind_208_pop_0,0.012842,0.012737,0.008629,0.017648
q_ind_209_pop_0,0.013916,0.013803,0.009363,0.018972
q_ind_210_pop_0,0.010729,0.010620,0.006887,0.015103
q_ind_211_pop_0,0.041599,0.041500,0.033634,0.050158
q_ind_212_pop_0,0.012433,0.012311,0.008279,0.017198
q_ind_213_pop_0,0.010031,0.009911,0.006449,0.014269
q_ind_214_pop_0,0.012382,0.012303,0.008183,0.017154
q_ind_215_pop_0,0.009558,0.009437,0.006030,0.013693
q_ind_216_pop_0,0.010341,0.010244,0.006643,0.014547
q_ind_217_pop_0,0.009912,0.009833,0.006236,0.014111
q_ind_218_pop_0,0.252980,0.252896,0.234842,0.271392
q_ind_219_pop_0,0.259014,0.258871,0.241646,0.276839
q_ind_220_pop_0,0.279071,0.279100,0.261453,0.297052
q_ind_221_pop_0,0.256197,0.256109,0.239261,0.273322
q_ind_222_pop_0,0.291909,0.291892,0.274082,0.309831
q_ind_223_pop_0,0.179628,0.179557,0.165834,0.193981
q_ind_224_pop_0,0.296021,0.296015,0.278015,0.313965
q_ind_225_pop_0,0.245599,0.245520,0.227828,0.263644
q_ind_226_pop_0,0.256217,0.256039,0.237574,0.275377
q_ind_227_pop_0,0.250834,0.250771,0.234241,0.267638
q_ind_228_pop_0,0.313244,0.313147,0.295087,0.331559
q_ind_229_pop_0,0.282022,0.281911,0.264216,0.300234
q_ind_230_pop_0,0.057061,0.056961,0.046377,0.068032
q_ind_231_pop_0,0.063144,0.063000,0.052224,0.074858
q_ind_232_pop_0,0.145534,0.145433,0.132307,0.159229
q_ind_233_pop_0,0.038500,0.038388,0.029403,0.048503
q_ind_234_pop_0,0.050350,0.050179,0.040104,0.061323
q_ind_235_pop_0,0.051442,0.051347,0.041064,0.062362
q_ind_236_pop_0,0.075545,0.075487,0.063880,0.087824
q_ind_237_pop_0,0.035391,0.035184,0.026400,0.045387
q_ind_238_pop_0,0.041886,0.041784,0.032340,0.052097
q_ind_239_pop_0,0.096156,0.096099,0.083732,0.109036
q_ind_240_pop_0,0.094591,0.094453,0.082390,0.107795
q_ind_241_pop_0,0.032663,0.032503,0.023974,0.042380
q_ind_242_pop_0,0.854830,0.854790,0.840447,0.869271
q_ind_243_pop_0,0.858362,0.858323,0.843459,0.873645
q_ind_244_pop_0,0.859201,0.859187,0.843839,0.874273
q_ind_245_pop_0,0.885038,0.885086,0.870847,0.898941
q_ind_246_pop_0,0.850130,0.850192,0.835096,0.864868
q_ind_247_pop_0,0.836764,0.836852,0.821600,0.851359
q_ind_248_pop_0,0.861238,0.861160,0.846169,0.876814
q_ind_249_pop_0,0.851408,0.851556,0.835752,0.866083
q_ind_250_pop_0,0.848690,0.848713,0.833759,0.863436
q_ind_251_pop_0,0.874198,0.874318,0.859272,0.888801
q_ind_252_pop_0,0.861176,0.861205,0.845843,0.876304
q_ind_253_pop_0,0.968777,0.968900,0.957838,0.979300
q_ind_254_pop_0,0.934469,0.934574,0.923016,0.945598
q_ind_255_pop_0,0.968975,0.969008,0.958217,0.979766
q_ind_256_pop_0,0.946500,0.946594,0.933161,0.959470
q_ind_257_pop_0,0.976030,0.976249,0.966719,0.984257
q_ind_258_pop_0,0.960313,0.960328,0.949867,0.970285
q_ind_259_pop_0,0.957183,0.957134,0.946155,0.967886
q_ind_260_pop_0,0.946006,0.945967,0.932511,0.959276
q_ind_261_pop_0,0.940533,0.940490,0.927013,0.954126
q_ind_262_pop_0,0.308602,0.308601,0.294921,0.322336
q_ind_263_pop_0,0.301863,0.301872,0.287845,0.316107
q_ind_264_pop_0,0.298906,0.298864,0.285059,0.312868
q_ind_265_pop_0,0.306659,0.306634,0.292703,0.320549
q_ind_266_pop_0,0.264435,0.264478,0.251680,0.276990
q_ind_267_pop_0,0.274149,0.274215,0.260877,0.287251
q_ind_268_pop_0,0.271414,0.271355,0.258415,0.284649
q_ind_269_pop_0,0.217360,0.217369,0.205584,0.229248
q_ind_270_pop_0,0.218285,0.218276,0.206129,0.230563
q_ind_271_pop_0,0.267709,0.267689,0.254941,0.280765
q_ind_0_pop_1,0.543469,0.543280,0.505710,0.580595
q_ind_1_pop_1,0.566439,0.566457,0.533893,0.598702
q_ind_2_pop_1,0.547549,0.547565,0.507331,0.587849
q_ind_3_pop_1,0.574369,0.574287,0.541231,0.608636
q_ind_4_pop_1,0.598083,0.598034,0.567399,0.628740
q_ind_5_pop_1,0.569879,0.569763,0.532514,0.606939
q_ind_6_pop_1,0.568944,0.568873,0.537858,0.599566
q_ind_7_pop_1,0.583904,0.583935,0.551200,0.616472
q_ind_8_pop_1,0.552454,0.552483,0.520391,0.583752
q_ind_9_pop_1,0.572885,0.573065,0.539277,0.605245
q_ind_10_pop_1,0.555888,0.555880,0.525137,0.587185
q_ind_11_pop_1,0.558356,0.558504,0.527318,0.589358
q_ind_12_pop_1,0.614785,0.614941,0.589210,0.639300
q_ind_13_pop_1,0.969324,0.969629,0.951145,0.986023
q_ind_14_pop_1,0.961322,0.961704,0.941631,0.979148
q_ind_15_pop_1,0.960067,0.960447,0.938430,0.979669
q_ind_16_pop_1,0.936355,0.936549,0.913430,0.957674
q_ind_17_pop_1,0.953443,0.953939,0.933269,0.972409
q_ind_18_pop_1,0.943943,0.944287,0.923511,0.962843
q_ind_19_pop_1,0.952610,0.952740,0.931982,0.972571
q_ind_20_pop_1,0.181655,0.181358,0.153190,0.211090
q_ind_21_pop_1,0.001589,0.000483,0.000000,0.008275
q_ind_22_pop_1,0.000976,0.000201,0.000000,0.006259
q_ind_23_pop_1,0.000488,0.000092,0.000000,0.003158
q_ind_24_pop_1,0.000516,0.000090,0.000000,0.003498
q_ind_25_pop_1,0.000497,0.000089,0.000000,0.003415
q_ind_26_pop_1,0.000668,0.000125,0.000000,0.004338
q_ind_27_pop_1,0.000571,0.000111,0.000000,0.003743
q_ind_28_pop_1,0.014972,0.014745,0.002702,0.028084
q_ind_29_pop_1,0.086370,0.086130,0.066177,0.108190
q_ind_30_pop_1,0.000418,0.000074,0.000000,0.002828
q_ind_31_pop_1,0.000492,0.000086,0.000000,0.003416
q_ind_32_pop_1,0.999458,0.999761,0.997203,1.000000
q_ind_33_pop_1,0.998771,0.999471,0.993587,0.999999
q_ind_34_pop_1,0.999462,0.999753,0.997242,0.999999
q_ind_35_pop_1,0.746374,0.746516,0.718937,0.772967
q_ind_36_pop_1,0.999554,0.999797,0.997766,1.000000
q_ind_37_pop_1,0.999096,0.999580,0.995464,0.999999
q_ind_38_pop_1,0.998913,0.999528,0.994358,0.999999
q_ind_39_pop_1,0.999081,0.999564,0.995645,0.999999
q_ind_40_pop_1,0.999374,0.999716,0.996857,0.999999
q_ind_41_pop_1,0.998961,0.999501,0.995022,0.999999
q_ind_42_pop_1,0.990963,0.991262,0.979574,0.999808
q_ind_43_pop_1,0.999195,0.999639,0.995872,0.999999
q_ind_44_pop_1,0.002506,0.000858,0.000000,0.012520
q_ind_45_pop_1,0.020396,0.020195,0.002653,0.037687
q_ind_46_pop_1,0.022895,0.022769,0.009105,0.037946
q_ind_47_pop_1,0.001930,0.000560,0.000000,0.010350
q_ind_48_pop_1,0.000774,0.000141,0.000000,0.005223
q_ind_49_pop_1,0.004175,0.002259,0.000000,0.017934
q_ind_50_pop_1,0.002630,0.000629,0.000000,0.014517
q_ind_51_pop_1,0.009423,0.009130,0.000017,0.021783
q_ind_52_pop_1,0.003574,0.002264,0.000000,0.013555
q_ind_53_pop_1,0.001215,0.000271,0.000000,0.007312
q_ind_54_pop_1,0.007364,0.005104,0.000000,0.025271
q_ind_55_pop_1,0.006882,0.005747,0.000000,0.020967
q_ind_56_pop_1,0.999230,0.999626,0.996338,0.999999
q_ind_57_pop_1,0.998597,0.999361,0.993037,0.999999
q_ind_58_pop_1,0.999543,0.999795,0.997665,1.000000
q_ind_59_pop_1,0.999281,0.999687,0.996388,0.999999
q_ind_60_pop_1,0.999582,0.999813,0.997851,1.000000
q_ind_61_pop_1,0.999188,0.999640,0.995890,0.999999
q_ind_62_pop_1,0.999530,0.999791,0.997625,1.000000
q_ind_63_pop_1,0.999620,0.999832,0.998066,1.000000
q_ind_64_pop_1,0.999400,0.999731,0.996975,1.000000
q_ind_65_pop_1,0.999430,0.999744,0.997173,1.000000
q_ind_66_pop_1,0.999337,0.999700,0.996695,0.999999
q_ind_67_pop_1,0.999548,0.999792,0.997790,1.000000
q_ind_68_pop_1,0.004134,0.002698,0.000000,0.015303
q_ind_69_pop_1,0.051980,0.051686,0.035485,0.070173
q_ind_70_pop_1,0.194832,0.194711,0.170377,0.220277
q_ind_71_pop_1,0.003512,0.002050,0.000000,0.013317
q_ind_72_pop_1,0.001273,0.000352,0.000000,0.007044
q_ind_73_pop_1,0.005676,0.004697,0.000000,0.017399
q_ind_74_pop_1,0.009995,0.009869,0.000081,0.020983
q_ind_75_pop_1,0.006835,0.005961,0.000000,0.019405
q_ind_76_pop_1,0.015352,0.015127,0.004014,0.027527
q_ind_77_pop_1,0.001392,0.000368,0.000000,0.007950
q_ind_78_pop_1,0.108430,0.108432,0.091218,0.126111
q_ind_79_pop_1,0.000830,0.000163,0.000000,0.005394
q_ind_80_pop_1,0.000445,0.000081,0.000000,0.002988
q_ind_81_pop_1,0.000534,0.000108,0.000000,0.003400
q_ind_82_pop_1,0.000809,0.000160,0.000000,0.005240
q_ind_83_pop_1,0.000820,0.000159,0.000000,0.005372
q_ind_84_pop_1,0.036408,0.036037,0.022043,0.052480
q_ind_85_pop_1,0.000757,0.000158,0.000000,0.004869
q_ind_86_pop_1,0.000749,0.000147,0.000000,0.004692
q_ind_87_pop_1,0.000542,0.000091,0.000000,0.003841
q_ind_88_pop_1,0.056813,0.056574,0.039818,0.074661
q_ind_89_pop_1,0.000498,0.000083,0.000000,0.003489
q_ind_90_pop_1,0.000540,0.000098,0.000000,0.003560
q_ind_91_pop_1,0.000632,0.000113,0.000000,0.004203
q_ind_92_pop_1,0.000785,0.000157,0.000000,0.005081
q_ind_93_pop_1,0.002279,0.000980,0.000000,0.010442
q_ind_94_pop_1,0.000572,0.000110,0.000000,0.003733
q_ind_95_pop_1,0.000500,0.000090,0.000000,0.003326
q_ind_96_pop_1,0.001110,0.000281,0.000000,0.006389
q_ind_97_pop_1,0.000623,0.000123,0.000000,0.004045
q_ind_98_pop_1,0.000648,0.000118,0.000000,0.004480
q_ind_99_pop_1,0.137895,0.137886,0.118890,0.157040
q_ind_100_pop_1,0.855218,0.855354,0.836723,0.873231
q_ind_101_pop_1,0.798476,0.798577,0.778144,0.817940
q_ind_102_pop_1,0.821432,0.821589,0.801786,0.840692
q_ind_103_pop_1,0.799637,0.799702,0.780323,0.818553
q_ind_104_pop_1,0.832516,0.832600,0.813937,0.850543
q_ind_105_pop_1,0.788400,0.788543,0.767939,0.807985
q_ind_106_pop_1,0.837607,0.837628,0.818671,0.855867
q_ind_107_pop_1,0.804473,0.804488,0.784541,0.824224
q_ind_108_pop_1,0.779872,0.780016,0.760112,0.798855
q_ind_109_pop_1,0.785235,0.785262,0.764630,0.805556
q_ind_110_pop_1,0.816093,0.816018,0.797027,0.835233
q_ind_111_pop_1,0.780587,0.780580,0.760586,0.800828
q_ind_112_pop_1,0.787537,0.787639,0.769507,0.805031
q_ind_113_pop_1,0.748369,0.748397,0.731051,0.765586
q_ind_114_pop_1,0.770041,0.769991,0.751225,0.788806
q_ind_115_pop_1,0.778311,0.778291,0.760750,0.795809
q_ind_116_pop_1,0.714104,0.714056,0.694807,0.733800
q_ind_117_pop_1,0.765378,0.765368,0.747741,0.783066
q_ind_118_pop_1,0.812645,0.812741,0.795501,0.829448
q_ind_119_pop_1,0.795120,0.795170,0.777771,0.812216
q_ind_120_pop_1,0.764123,0.764256,0.746274,0.781453
q_ind_121_pop_1,0.778760,0.778815,0.761396,0.796052
q_ind_122_pop_1,0.746429,0.746469,0.727270,0.765542
q_ind_123_pop_1,0.803849,0.803929,0.786394,0.821054
q_ind_124_pop_1,0.762126,0.762201,0.744369,0.779593
q_ind_125_pop_1,0.809771,0.809929,0.790876,0.827588
q_ind_126_pop_1,0.828841,0.828981,0.811865,0.845311
q_ind_127_pop_1,0.760335,0.760261,0.742370,0.778385
q_ind_128_pop_1,0.863644,0.863563,0.847746,0.879525
q_ind_129_pop_1,0.893126,0.893309,0.877808,0.907485
q_ind_130_pop_1,0.846222,0.846454,0.828800,0.862720
q_ind_131_pop_1,0.816078,0.816139,0.798905,0.832990
q_ind_132_pop_1,0.787824,0.787869,0.769926,0.805865
q_ind_133_pop_1,0.764595,0.764672,0.745716,0.782882
q_ind_134_pop_1,0.654976,0.654874,0.637208,0.672993
q_ind_135_pop_1,0.742399,0.742483,0.723687,0.760876
q_ind_136_pop_1,0.812394,0.812524,0.794992,0.829146
q_ind_137_pop_1,0.791037,0.791207,0.772540,0.808776
q_ind_138_pop_1,0.784562,0.784649,0.766804,0.801718
q_ind_139_pop_1,0.750851,0.750843,0.732554,0.769073
q_ind_140_pop_1,0.653420,0.653403,0.633796,0.672898
q_ind_141_pop_1,0.813494,0.813531,0.796099,0.830495
q_ind_142_pop_1,0.817021,0.817135,0.799429,0.834626
q_ind_143_pop_1,0.810444,0.810414,0.793484,0.827262
q_ind_144_pop_1,0.758212,0.758170,0.740328,0.775811
q_ind_145_pop_1,0.742331,0.742326,0.723081,0.761358
q_ind_146_pop_1,0.775761,0.775726,0.757962,0.793282
q_ind_147_pop_1,0.255130,0.255093,0.236637,0.274001
q_ind_148_pop_1,0.273686,0.273679,0.254795,0.292831
q_ind_149_pop_1,0.189086,0.188968,0.173312,0.205362
q_ind_150_pop_1,0.387862,0.387813,0.367736,0.408186
q_ind_151_pop_1,0.207271,0.207180,0.190942,0.223946
q_ind_152_pop_1,0.301751,0.301683,0.283568,0.320309
q_ind_153_pop_1,0.305813,0.305862,0.286254,0.325377
q_ind_154_pop_1,0.295268,0.295266,0.274307,0.316244
q_ind_155_pop_1,0.160868,0.160837,0.146032,0.175856
q_ind_156_pop_1,0.333153,0.333125,0.315069,0.351364
q_ind_157_pop_1,0.195251,0.195088,0.178348,0.212924
q_ind_158_pop_1,0.253530,0.253415,0.235818,0.271522
q_ind_159_pop_1,0.226204,0.226150,0.210854,0.242286
q_ind_160_pop_1,0.213392,0.213326,0.197835,0.228838
q_ind_161_pop_1,0.327115,0.327034,0.308485,0.346274
q_ind_162_pop_1,0.330868,0.330934,0.312501,0.349532
q_ind_163_pop_1,0.198678,0.198645,0.183668,0.213837
q_ind_164_pop_1,0.245385,0.245364,0.228771,0.262167
q_ind_165_pop_1,0.233130,0.233058,0.216978,0.249703
q_ind_166_pop_1,0.187111,0.187085,0.172344,0.202084
q_ind_167_pop_1,0.209733,0.209665,0.193083,0.226642
q_ind_168_pop_1,0.248983,0.248942,0.232653,0.265586
q_ind_169_pop_1,0.281313,0.281319,0.263737,0.298790
q_ind_170_pop_1,0.195688,0.195622,0.180966,0.210494
q_ind_171_pop_1,0.834646,0.834625,0.818123,0.850924
q_ind_172_pop_1,0.790559,0.790520,0.773061,0.808488
q_ind_173_pop_1,0.804055,0.804128,0.787034,0.821058
q_ind_174_pop_1,0.796614,0.796661,0.778818,0.813970
q_ind_175_pop_1,0.811743,0.811699,0.794604,0.828915
q_ind_176_pop_1,0.787120,0.787309,0.768698,0.804353
q_ind_177_pop_1,0.773668,0.773721,0.755599,0.791141
q_ind_178_pop_1,0.655870,0.655969,0.638314,0.672989
q_ind_179_pop_1,0.809498,0.809576,0.791814,0.826397
q_ind_180_pop_1,0.798097,0.798154,0.780108,0.815637
q_ind_181_pop_1,0.824528,0.824610,0.807020,0.841461
q_ind_182_pop_1,0.827818,0.827913,0.810612,0.844501
q_ind_183_pop_1,0.524548,0.524516,0.505497,0.543626
q_ind_184_pop_1,0.445752,0.445686,0.426083,0.465712
q_ind_185_pop_1,0.437540,0.437397,0.419596,0.455850
q_ind_186_pop_1,0.580467,0.580532,0.563679,0.597208
q_ind_187_pop_1,0.476010,0.476117,0.455077,0.496181
q_ind_188_pop_1,0.403089,0.403019,0.382987,0.423621
q_ind_189_pop_1,0.422629,0.422663,0.402746,0.442327
q_ind_190_pop_1,0.414823,0.414798,0.394393,0.435242
q_ind_191_pop_1,0.444566,0.444589,0.423966,0.464693
q_ind_192_pop_1,0.443357,0.443440,0.422936,0.463665
q_ind_193_pop_1,0.464549,0.464568,0.445101,0.484221
q_ind_194_pop_1,0.439270,0.439265,0.419822,0.458949
q_ind_195_pop_1,0.384868,0.384870,0.366656,0.403327
q_ind_196_pop_1,0.350561,0.350576,0.333821,0.367487
q_ind_197_pop_1,0.312954,0.312942,0.296791,0.329477
q_ind_198_pop_1,0.376481,0.376583,0.358734,0.393985
q_ind_199_pop_1,0.347331,0.347290,0.329676,0.365052
q_ind_200_pop_1,0.385544,0.385541,0.367273,0.404342
q_ind_201_pop_1,0.337337,0.337265,0.320164,0.354798
q_ind_202_pop_1,0.428867,0.428810,0.412184,0.445971
q_ind_203_pop_1,0.320503,0.320487,0.303487,0.337681
q_ind_204_pop_1,0.330774,0.330679,0.313560,0.348551
q_ind_205_pop_1,0.336849,0.336855,0.319747,0.354374
q_ind_206_pop_1,0.174826,0.174808,0.160032,0.189854
q_ind_207_pop_1,0.158235,0.158238,0.144954,0.171698
q_ind_208_pop_1,0.117577,0.117529,0.106237,0.129129
q_ind_209_pop_1,0.149511,0.149462,0.136350,0.162812
q_ind_210_pop_1,0.111891,0.111862,0.100777,0.123265
q_ind_211_pop_1,0.174717,0.174699,0.160386,0.189128
q_ind_212_pop_1,0.101228,0.101135,0.090540,0.112415
q_ind_213_pop_1,0.095768,0.095706,0.085586,0.106217
q_ind_214_pop_1,0.117475,0.117441,0.105990,0.129377
q_ind_215_pop_1,0.085886,0.085802,0.076399,0.095715
q_ind_216_pop_1,0.106204,0.106048,0.095290,0.117714
q_ind_217_pop_1,0.096540,0.096431,0.085822,0.107632
q_ind_218_pop_1,0.500384,0.500537,0.477814,0.522214
q_ind_219_pop_1,0.513374,0.513239,0.492205,0.535129
q_ind_220_pop_1,0.490354,0.490406,0.469276,0.511046
q_ind_221_pop_1,0.525773,0.525583,0.505410,0.546719
q_ind_222_pop_1,0.472204,0.472250,0.451054,0.493203
q_ind_223_pop_1,0.674995,0.675088,0.657279,0.692455
q_ind_224_pop_1,0.502827,0.502714,0.481881,0.524092
q_ind_225_pop_1,0.508759,0.508707,0.487208,0.530720
q_ind_226_pop_1,0.505474,0.505505,0.482972,0.528073
q_ind_227_pop_1,0.546889,0.547001,0.526683,0.567070
q_ind_228_pop_1,0.473274,0.473329,0.452765,0.494472
q_ind_229_pop_1,0.485023,0.485199,0.463414,0.505938
q_ind_230_pop_1,0.845284,0.845377,0.828564,0.861516
q_ind_231_pop_1,0.831862,0.832005,0.814756,0.848608
q_ind_232_pop_1,0.708622,0.708762,0.690536,0.726117
q_ind_233_pop_1,0.878104,0.878233,0.861977,0.893262
q_ind_234_pop_1,0.855381,0.855423,0.838120,0.872348
q_ind_235_pop_1,0.844217,0.844258,0.826541,0.861727
q_ind_236_pop_1,0.811334,0.811578,0.793814,0.827891
q_ind_237_pop_1,0.890907,0.891084,0.875135,0.905697
q_ind_238_pop_1,0.869246,0.869352,0.852939,0.884813
q_ind_239_pop_1,0.766889,0.767019,0.748602,0.784746
q_ind_240_pop_1,0.755243,0.755096,0.736586,0.774268
q_ind_241_pop_1,0.879470,0.879656,0.862811,0.895369
q_ind_242_pop_1,0.016557,0.016481,0.009276,0.024394
q_ind_243_pop_1,0.005167,0.004886,0.000115,0.012074
q_ind_244_pop_1,0.009411,0.009207,0.003715,0.015953
q_ind_245_pop_1,0.012384,0.012314,0.004900,0.020268
q_ind_246_pop_1,0.009036,0.008836,0.002768,0.016442
q_ind_247_pop_1,0.000484,0.000102,0.000000,0.002927
q_ind_248_pop_1,0.012886,0.012779,0.005490,0.020721
q_ind_249_pop_1,0.015950,0.015833,0.008029,0.024484
q_ind_250_pop_1,0.002333,0.001480,0.000000,0.008681
q_ind_251_pop_1,0.010106,0.010016,0.003695,0.017403
q_ind_252_pop_1,0.021087,0.020885,0.012913,0.030179
q_ind_253_pop_1,0.000212,0.000086,0.000000,0.001117
q_ind_254_pop_1,0.000650,0.000446,0.000000,0.002409
q_ind_255_pop_1,0.000242,0.000110,0.000000,0.001180
q_ind_256_pop_1,0.000238,0.000106,0.000000,0.001189
q_ind_257_pop_1,0.000363,0.000218,0.000000,0.001532
q_ind_258_pop_1,0.000399,0.000263,0.000000,0.001555
q_ind_259_pop_1,0.000264,0.000135,0.000000,0.001215
q_ind_260_pop_1,0.000239,0.000111,0.000000,0.001148
q_ind_261_pop_1,0.000271,0.000132,0.000000,0.001278
q_ind_262_pop_1,0.000743,0.000602,0.000011,0.002302
q_ind_263_pop_1,0.001558,0.001415,0.000224,0.003747
q_ind_264_pop_1,0.001621,0.001419,0.000140,0.004197
q_ind_265_pop_1,0.001119,0.000971,0.000083,0.002974
q_ind_266_pop_1,0.003559,0.003359,0.001006,0.007252
q_ind_267_pop_1,0.001210,0.001077,0.000170,0.002973
q_ind_268_pop_1,0.002346,0.002221,0.000579,0.004875
q_ind_269_pop_1,0.004471,0.004344,0.001733,0.008044
q_ind_270_pop_1,0.003540,0.003383,0.000985,0.007015
q_ind_271_pop_1,0.001388,0.001270,0.000216,0.003270
q_ind_0_pop_2,0.220477,0.220260,0.188939,0.252253
q_ind_1_pop_2,0.219751,0.219648,0.191937,0.247841
q_ind_2_pop_2,0.269854,0.269797,0.234164,0.305184
q_ind_3_pop_2,0.243116,0.243105,0.213967,0.273106
q_ind_4_pop_2,0.205261,0.205219,0.178874,0.231612
q_ind_5_pop_2,0.244342,0.243766,0.213196,0.276681
q_ind_6_pop_2,0.218313,0.218023,0.192032,0.245757
q_ind_7_pop_2,0.231359,0.231532,0.202231,0.260143
q_ind_8_pop_2,0.232561,0.232331,0.205859,0.260099
q_ind_9_pop_2,0.231828,0.231609,0.202965,0.261709
q_ind_10_pop_2,0.233426,0.233312,0.205226,0.261349
q_ind_11_pop_2,0.238786,0.238682,0.210519,0.267656
q_ind_12_pop_2,0.129396,0.129155,0.110261,0.149115
q_ind_13_pop_2,0.030133,0.029857,0.013414,0.048225
q_ind_14_pop_2,0.038130,0.037751,0.020138,0.057672
q_ind_15_pop_2,0.039235,0.038880,0.019913,0.060928
q_ind_16_pop_2,0.063126,0.062885,0.041920,0.086093
q_ind_17_pop_2,0.046069,0.045581,0.027064,0.066141
q_ind_18_pop_2,0.053974,0.053655,0.035424,0.073923
q_ind_19_pop_2,0.046648,0.046519,0.026576,0.067352
q_ind_20_pop_2,0.062821,0.062645,0.042575,0.084714
q_ind_21_pop_2,0.000409,0.000078,0.000000,0.002708
q_ind_22_pop_2,0.002429,0.001138,0.000000,0.010804
q_ind_23_pop_2,0.000338,0.000065,0.000000,0.002203
q_ind_24_pop_2,0.000414,0.000068,0.000000,0.002873
q_ind_25_pop_2,0.000439,0.000080,0.000000,0.002958
q_ind_26_pop_2,0.000407,0.000070,0.000000,0.002779
q_ind_27_pop_2,0.000303,0.000056,0.000000,0.002026
q_ind_28_pop_2,0.000561,0.000102,0.000000,0.003888
q_ind_29_pop_2,0.044934,0.044661,0.028679,0.062643
q_ind_30_pop_2,0.000272,0.000049,0.000000,0.001817
q_ind_31_pop_2,0.000311,0.000053,0.000000,0.002131
q_ind_32_pop_2,0.000342,0.000061,0.000000,0.002378
q_ind_33_pop_2,0.000925,0.000173,0.000000,0.006045
q_ind_34_pop_2,0.000275,0.000050,0.000000,0.001900
q_ind_35_pop_2,0.032308,0.032041,0.017812,0.048447
q_ind_36_pop_2,0.000277,0.000051,0.000000,0.001885
q_ind_37_pop_2,0.000452,0.000073,0.000000,0.003236
q_ind_38_pop_2,0.000716,0.000123,0.000000,0.004775
q_ind_39_pop_2,0.000359,0.000059,0.000000,0.002475
q_ind_40_pop_2,0.000363,0.000061,0.000000,0.002534
q_ind_41_pop_2,0.000507,0.000087,0.000000,0.003435
q_ind_42_pop_2,0.001597,0.000420,0.000000,0.009331
q_ind_43_pop_2,0.000506,0.000087,0.000000,0.003459
q_ind_44_pop_2,0.000507,0.000099,0.000000,0.003225
q_ind_45_pop_2,0.000665,0.000125,0.000000,0.004332
q_ind_46_pop_2,0.000921,0.000254,0.000000,0.005245
q_ind_47_pop_2,0.000331,0.000058,0.000000,0.002320
q_ind_48_pop_2,0.000416,0.000066,0.000000,0.002922
q_ind_49_pop_2,0.000438,0.000081,0.000000,0.002987
q_ind_50_pop_2,0.000624,0.000123,0.000000,0.004115
q_ind_51_pop_2,0.000363,0.000062,0.000000,0.002520
q_ind_52_pop_2,0.000340,0.000058,0.000000,0.002314
q_ind_53_pop_2,0.000471,0.000080,0.000000,0.003272
q_ind_54_pop_2,0.000558,0.000092,0.000000,0.003903
q_ind_55_pop_2,0.000651,0.000144,0.000000,0.004030
q_ind_56_pop_2,0.000456,0.000082,0.000000,0.003008
q_ind_57_pop_2,0.000856,0.000151,0.000000,0.005825
q_ind_58_pop_2,0.000257,0.000044,0.000000,0.001757
q_ind_59_pop_2,0.000433,0.000075,0.000000,0.002875
q_ind_60_pop_2,0.000231,0.000038,0.000000,0.001620
q_ind_61_pop_2,0.000401,0.000071,0.000000,0.002755
q_ind_62_pop_2,0.000248,0.000040,0.000000,0.001719
q_ind_63_pop_2,0.000228,0.000038,0.000000,0.001556
q_ind_64_pop_2,0.000355,0.000062,0.000000,0.002387
q_ind_65_pop_2,0.000354,0.000060,0.000000,0.002359
q_ind_66_pop_2,0.000409,0.000068,0.000000,0.002696
q_ind_67_pop_2,0.000256,0.000044,0.000000,0.001734
q_ind_68_pop_2,0.000217,0.000038,0.000000,0.001464
q_ind_69_pop_2,0.201273,0.201239,0.180861,0.221795
q_ind_70_pop_2,0.177631,0.177542,0.156030,0.200255
q_ind_71_pop_2,0.000198,0.000037,0.000000,0.001340
q_ind_72_pop_2,0.000206,0.000035,0.000000,0.001402
q_ind_73_pop_2,0.000272,0.000052,0.000000,0.001781
q_ind_74_pop_2,0.000196,0.000034,0.000000,0.001370
q_ind_75_pop_2,0.000267,0.000045,0.000000,0.001872
q_ind_76_pop_2,0.000284,0.000054,0.000000,0.001858
q_ind_77_pop_2,0.000224,0.000038,0.000000,0.001570
q_ind_78_pop_2,0.000244,0.000043,0.000000,0.001624
q_ind_79_pop_2,0.000358,0.000060,0.000000,0.002523
q_ind_80_pop_2,0.000295,0.000051,0.000000,0.001975
q_ind_81_pop_2,0.000346,0.000065,0.000000,0.002311
q_ind_82_pop_2,0.000395,0.000073,0.000000,0.002679
q_ind_83_pop_2,0.000435,0.000082,0.000000,0.002951
q_ind_84_pop_2,0.026733,0.026371,0.013732,0.041826
q_ind_85_pop_2,0.003884,0.002877,0.000000,0.013419
q_ind_86_pop_2,0.001394,0.000652,0.000000,0.006348
q_ind_87_pop_2,0.000355,0.000061,0.000000,0.002445
q_ind_88_pop_2,0.006901,0.006577,0.000003,0.017084
q_ind_89_pop_2,0.000730,0.000137,0.000000,0.004596
q_ind_90_pop_2,0.000281,0.000049,0.000000,0.001879
q_ind_91_pop_2,0.000306,0.000056,0.000000,0.002053
q_ind_92_pop_2,0.000335,0.000061,0.000000,0.002220
q_ind_93_pop_2,0.000682,0.000125,0.000000,0.004519
q_ind_94_pop_2,0.000287,0.000047,0.000000,0.002000
q_ind_95_pop_2,0.000307,0.000054,0.000000,0.002069
q_ind_96_pop_2,0.000559,0.000107,0.000000,0.003707
q_ind_97_pop_2,0.000514,0.000097,0.000000,0.003386
q_ind_98_pop_2,0.000403,0.000069,0.000000,0.002728
q_ind_99_pop_2,0.000754,0.000156,0.000000,0.004791
q_ind_100_pop_2,0.094867,0.094742,0.078817,0.111865
q_ind_101_pop_2,0.128471,0.128283,0.110841,0.147022
q_ind_102_pop_2,0.121789,0.121697,0.104136,0.139884
q_ind_103_pop_2,0.132505,0.132483,0.114914,0.150468
q_ind_104_pop_2,0.106711,0.106713,0.090371,0.123399
q_ind_105_pop_2,0.137410,0.137319,0.119675,0.155144
q_ind_106_pop_2,0.108911,0.108884,0.091499,0.126606
q_ind_107_pop_2,0.130462,0.130334,0.112604,0.148978
q_ind_108_pop_2,0.133481,0.133283,0.116835,0.150921
q_ind_109_pop_2,0.143171,0.143088,0.124691,0.162018
q_ind_110_pop_2,0.123175,0.123129,0.106107,0.140231
q_ind_111_pop_2,0.146769,0.146794,0.128181,0.165624
q_ind_112_pop_2,0.190224,0.190057,0.173578,0.208055
q_ind_113_pop_2,0.178505,0.178483,0.162813,0.194504
q_ind_114_pop_2,0.198251,0.198257,0.180284,0.216301
q_ind_115_pop_2,0.193690,0.193661,0.177005,0.210590
q_ind_116_pop_2,0.236210,0.236285,0.217480,0.254659
q_ind_117_pop_2,0.197842,0.197792,0.180994,0.214804
q_ind_118_pop_2,0.170448,0.170315,0.154224,0.186974
q_ind_119_pop_2,0.180630,0.180611,0.164018,0.197489
q_ind_120_pop_2,0.195215,0.195085,0.178830,0.212097
q_ind_121_pop_2,0.190434,0.190285,0.174262,0.207046
q_ind_122_pop_2,0.209870,0.209867,0.191821,0.228052
q_ind_123_pop_2,0.179050,0.179001,0.162530,0.195996
q_ind_124_pop_2,0.150481,0.150395,0.134969,0.166364
q_ind_125_pop_2,0.145751,0.145720,0.128693,0.163481
q_ind_126_pop_2,0.122283,0.122094,0.106773,0.138391
q_ind_127_pop_2,0.162449,0.162555,0.145919,0.178825
q_ind_128_pop_2,0.102946,0.103007,0.087564,0.118160
q_ind_129_pop_2,0.088181,0.088072,0.074418,0.102991
q_ind_130_pop_2,0.124391,0.124133,0.108372,0.141378
q_ind_131_pop_2,0.128126,0.128069,0.112713,0.143949
q_ind_132_pop_2,0.148191,0.148154,0.131767,0.164606
q_ind_133_pop_2,0.157823,0.157846,0.140629,0.174971
q_ind_134_pop_2,0.170926,0.170905,0.155271,0.186686
q_ind_135_pop_2,0.112218,0.112190,0.097217,0.127601
q_ind_136_pop_2,0.055594,0.055417,0.043632,0.068553
q_ind_137_pop_2,0.078442,0.078388,0.064865,0.092747
q_ind_138_pop_2,0.091285,0.091211,0.077234,0.106078
q_ind_139_pop_2,0.101901,0.101810,0.087451,0.116962
q_ind_140_pop_2,0.184181,0.184200,0.167643,0.200876
q_ind_141_pop_2,0.062303,0.062388,0.049052,0.075629
q_ind_142_pop_2,0.068682,0.068539,0.055414,0.082653
q_ind_143_pop_2,0.042158,0.041984,0.031707,0.053716
q_ind_144_pop_2,0.082546,0.082501,0.068966,0.096427
q_ind_145_pop_2,0.109897,0.109837,0.094601,0.125519
q_ind_146_pop_2,0.091821,0.091666,0.078145,0.106533
q_ind_147_pop_2,0.079652,0.079566,0.065734,0.094223
q_ind_148_pop_2,0.077719,0.077580,0.064267,0.092002
q_ind_149_pop_2,0.048170,0.048009,0.037457,0.059657
q_ind_150_pop_2,0.122306,0.122353,0.105905,0.139036
q_ind_151_pop_2,0.054357,0.054226,0.043166,0.066557
q_ind_152_pop_2,0.073497,0.073327,0.060328,0.087670
q_ind_153_pop_2,0.087120,0.086972,0.072359,0.102530
q_ind_154_pop_2,0.106702,0.106592,0.089887,0.124201
q_ind_155_pop_2,0.034351,0.034243,0.025319,0.044079
q_ind_156_pop_2,0.106824,0.106698,0.092757,0.121284
q_ind_157_pop_2,0.057020,0.056797,0.044666,0.070261
q_ind_158_pop_2,0.060782,0.060625,0.048634,0.073976
q_ind_159_pop_2,0.736145,0.736112,0.720779,0.751500
q_ind_160_pop_2,0.755235,0.755217,0.740091,0.770567
q_ind_161_pop_2,0.604966,0.604927,0.586074,0.623660
q_ind_162_pop_2,0.591477,0.591447,0.573284,0.609600
q_ind_163_pop_2,0.765970,0.766024,0.750922,0.780731
q_ind_164_pop_2,0.706750,0.706821,0.690232,0.722969
q_ind_165_pop_2,0.716472,0.716416,0.700660,0.732436
q_ind_166_pop_2,0.781668,0.781750,0.766985,0.795936
q_ind_167_pop_2,0.751149,0.751192,0.734470,0.767573
q_ind_168_pop_2,0.699414,0.699449,0.683273,0.715270
q_ind_169_pop_2,0.650989,0.651066,0.633527,0.667945
q_ind_170_pop_2,0.771911,0.771994,0.757231,0.786344
q_ind_171_pop_2,0.055795,0.055792,0.043660,0.067892
q_ind_172_pop_2,0.079181,0.079223,0.065159,0.093299
q_ind_173_pop_2,0.060723,0.060680,0.048337,0.073623
q_ind_174_pop_2,0.083829,0.083654,0.070375,0.097943
q_ind_175_pop_2,0.066804,0.066681,0.053994,0.080258
q_ind_176_pop_2,0.070794,0.070695,0.057929,0.084385
q_ind_177_pop_2,0.091208,0.091033,0.077383,0.106042
q_ind_178_pop_2,0.129190,0.129100,0.115207,0.143384
q_ind_179_pop_2,0.074011,0.073909,0.061225,0.087520
q_ind_180_pop_2,0.083857,0.083799,0.069777,0.098393
q_ind_181_pop_2,0.065133,0.065010,0.052002,0.078816
q_ind_182_pop_2,0.058457,0.058396,0.046172,0.071224
q_ind_183_pop_2,0.098370,0.098271,0.085389,0.112085
q_ind_184_pop_2,0.071252,0.071121,0.058053,0.085240
q_ind_185_pop_2,0.163285,0.163256,0.148673,0.177887
q_ind_186_pop_2,0.087318,0.087286,0.075609,0.099384
q_ind_187_pop_2,0.080591,0.080507,0.066706,0.095266
q_ind_188_pop_2,0.062410,0.062296,0.049259,0.076037
q_ind_189_pop_2,0.049700,0.049548,0.038068,0.062308
q_ind_190_pop_2,0.068288,0.068115,0.054896,0.082454
q_ind_191_pop_2,0.066907,0.066739,0.053639,0.080895
q_ind_192_pop_2,0.068352,0.068299,0.055003,0.082400
q_ind_193_pop_2,0.086535,0.086492,0.073056,0.100655
q_ind_194_pop_2,0.057950,0.057814,0.045316,0.071450
q_ind_195_pop_2,0.542371,0.542430,0.524748,0.560068
q_ind_196_pop_2,0.594121,0.594058,0.577658,0.610601
q_ind_197_pop_2,0.626622,0.626734,0.610257,0.642545
q_ind_198_pop_2,0.391515,0.391495,0.375414,0.408013
q_ind_199_pop_2,0.585184,0.585189,0.567854,0.602536
q_ind_200_pop_2,0.540949,0.540849,0.523038,0.559044
q_ind_201_pop_2,0.600295,0.600358,0.583664,0.616866
q_ind_202_pop_2,0.397034,0.397035,0.380976,0.412910
q_ind_203_pop_2,0.623447,0.623470,0.606769,0.639859
q_ind_204_pop_2,0.606605,0.606666,0.589298,0.623572
q_ind_205_pop_2,0.610959,0.611073,0.594013,0.627544
q_ind_206_pop_2,0.802567,0.802613,0.787606,0.817068
q_ind_207_pop_2,0.822898,0.822891,0.809725,0.835871
q_ind_208_pop_2,0.869580,0.869652,0.858053,0.880786
q_ind_209_pop_2,0.836573,0.836627,0.823479,0.849358
q_ind_210_pop_2,0.877380,0.877464,0.865991,0.888426
q_ind_211_pop_2,0.783684,0.783828,0.769315,0.797762
q_ind_212_pop_2,0.886339,0.886418,0.875212,0.896871
q_ind_213_pop_2,0.894201,0.894268,0.883778,0.904290
q_ind_214_pop_2,0.870144,0.870234,0.858597,0.881218
q_ind_215_pop_2,0.904556,0.904621,0.894747,0.913968
q_ind_216_pop_2,0.883455,0.883584,0.872209,0.894095
q_ind_217_pop_2,0.893548,0.893657,0.882454,0.904060
q_ind_218_pop_2,0.246636,0.246486,0.226849,0.266963
q_ind_219_pop_2,0.227612,0.227677,0.207957,0.247231
q_ind_220_pop_2,0.230575,0.230445,0.211297,0.250503
q_ind_221_pop_2,0.218030,0.218086,0.199896,0.235922
q_ind_222_pop_2,0.235887,0.235960,0.216553,0.255446
q_ind_223_pop_2,0.145378,0.145398,0.130339,0.160520
q_ind_224_pop_2,0.201152,0.201267,0.181845,0.219853
q_ind_225_pop_2,0.245642,0.245582,0.225211,0.266333
q_ind_226_pop_2,0.238310,0.238176,0.218106,0.259158
q_ind_227_pop_2,0.202277,0.202254,0.184029,0.220643
q_ind_228_pop_2,0.213483,0.213514,0.194471,0.232556
q_ind_229_pop_2,0.232955,0.232998,0.213734,0.252234
q_ind_230_pop_2,0.097655,0.097570,0.083036,0.112631
q_ind_231_pop_2,0.104994,0.104942,0.089647,0.120930
q_ind_232_pop_2,0.145843,0.145822,0.130762,0.161158
q_ind_233_pop_2,0.083396,0.083332,0.069391,0.097911
q_ind_234_pop_2,0.094270,0.094279,0.079069,0.109847
q_ind_235_pop_2,0.104341,0.104377,0.088361,0.120293
q_ind_236_pop_2,0.113122,0.112996,0.098630,0.128667
q_ind_237_pop_2,0.073703,0.073605,0.060124,0.088053
q_ind_238_pop_2,0.088868,0.088772,0.074238,0.103900
q_ind_239_pop_2,0.136955,0.136896,0.121149,0.153278
q_ind_240_pop_2,0.150166,0.150190,0.133197,0.166950
q_ind_241_pop_2,0.087867,0.087753,0.073089,0.103254
q_ind_242_pop_2,0.128612,0.128600,0.114502,0.142763
q_ind_243_pop_2,0.136472,0.136533,0.120983,0.151590
q_ind_244_pop_2,0.131388,0.131454,0.115608,0.146672
q_ind_245_pop_2,0.102578,0.102514,0.089117,0.116385
q_ind_246_pop_2,0.140834,0.140705,0.125972,0.156159
q_ind_247_pop_2,0.162752,0.162692,0.147990,0.177892
q_ind_248_pop_2,0.125875,0.125953,0.110256,0.140997
q_ind_249_pop_2,0.132642,0.132535,0.117817,0.148263
q_ind_250_pop_2,0.148977,0.148968,0.134305,0.163578
q_ind_251_pop_2,0.115696,0.115574,0.100956,0.130619
q_ind_252_pop_2,0.117737,0.117774,0.102935,0.132864
q_ind_253_pop_2,0.031010,0.030916,0.020477,0.041891
q_ind_254_pop_2,0.064881,0.064791,0.053661,0.076407
q_ind_255_pop_2,0.030784,0.030759,0.019986,0.041529
q_ind_256_pop_2,0.053262,0.053165,0.040311,0.066610
q_ind_257_pop_2,0.023607,0.023380,0.015410,0.032982
q_ind_258_pop_2,0.039289,0.039270,0.029333,0.049757
q_ind_259_pop_2,0.042553,0.042593,0.031778,0.053582
q_ind_260_pop_2,0.053754,0.053809,0.040468,0.067227
q_ind_261_pop_2,0.059196,0.059224,0.045613,0.072756
q_ind_262_pop_2,0.690655,0.690666,0.676837,0.704407
q_ind_263_pop_2,0.696579,0.696576,0.682416,0.710536
q_ind_264_pop_2,0.699473,0.699504,0.685432,0.713233
q_ind_265_pop_2,0.692221,0.692221,0.678267,0.706213
q_ind_266_pop_2,0.732006,0.731988,0.719391,0.744607
q_ind_267_pop_2,0.724641,0.724569,0.711533,0.737906
q_ind_268_pop_2,0.726241,0.726281,0.712888,0.739331
q_ind_269_pop_2,0.778169,0.778176,0.766306,0.790156
q_ind_270_pop_2,0.778175,0.778211,0.765806,0.790381
q_ind_271_pop_2,0.730903,0.730953,0.717906,0.743704
