param,mean,median,ci_0.950_LB,ci_0.950_UB
q_ind_0_pop_0,0.000477,0.000063,0.000000,0.003400
q_ind_1_pop_0,0.000947,0.000235,0.000000,0.005220
q_ind_2_pop_0,0.000688,0.000084,0.000000,0.005116
q_ind_3_pop_0,0.001098,0.000240,0.000000,0.006194
q_ind_4_pop_0,0.000428,0.000057,0.000000,0.003095
q_ind_5_pop_0,0.001327,0.000322,0.000000,0.007225
q_ind_6_pop_0,0.000316,0.000037,0.000000,0.002336
q_ind_7_pop_0,0.000335,0.000038,0.000000,0.002455
q_ind_8_pop_0,0.000653,0.000097,0.000000,0.004417
q_ind_9_pop_0,0.000273,0.000031,0.000000,0.002113
q_ind_10_pop_0,0.000489,0.000066,0.000000,0.003331
q_ind_11_pop_0,0.000312,0.000038,0.000000,0.002180
q_ind_12_pop_0,0.039212,0.039025,0.027130,0.052369
q_ind_13_pop_0,0.027368,0.027200,0.014716,0.040991
q_ind_14_pop_0,0.027399,0.027149,0.013334,0.042596
q_ind_15_pop_0,0.026372,0.026007,0.012329,0.042524
q_ind_16_pop_0,0.046325,0.046146,0.030668,0.063096
q_ind_17_pop_0,0.036583,0.036324,0.023413,0.051265
q_ind_18_pop_0,0.034844,0.034607,0.021416,0.049840
q_ind_19_pop_0,0.030487,0.030073,0.016407,0.046864
q_ind_20_pop_0,0.002734,0.000907,0.000000,0.013687
q_ind_21_pop_0,0.000334,0.000039,0.000000,0.002384
q_ind_22_pop_0,0.005165,0.004835,0.000008,0.012315
q_ind_23_pop_0,0.000269,0.000034,0.000000,0.001944
q_ind_24_pop_0,0.000395,0.000046,0.000000,0.002938
q_ind_25_pop_0,0.000858,0.000203,0.000000,0.004789
q_ind_26_pop_0,0.000426,0.000054,0.000000,0.003073
q_ind_27_pop_0,0.000208,0.000024,0.000000,0.001520
q_ind_28_pop_0,0.000512,0.000074,0.000000,0.003635
q_ind_29_pop_0,0.003232,0.001825,0.000000,0.013565
q_ind_30_pop_0,0.000178,0.000022,0.000000,0.001317
q_ind_31_pop_0,0.000209,0.000023,0.000000,0.001524
q_ind_32_pop_0,0.000405,0.000057,0.000000,0.002671
q_ind_33_pop_0,0.000328,0.000040,0.000000,0.002382
q_ind_34_pop_0,0.000209,0.000023,0.000000,0.001574
q_ind_35_pop_0,0.022358,0.022188,0.011893,0.034487
q_ind_36_pop_0,0.000224,0.000025,0.000000,0.001688
q_ind_37_pop_0,0.000285,0.000030,0.000000,0.002178
q_ind_38_pop_0,0.000471,0.000064,0.000000,0.003306
q_ind_39_pop_0,0.000298,0.000034,0.000000,0.002216
q_ind_40_pop_0,0.000252,0.000028,0.000000,0.001865
q_ind_41_pop_0,0.000306,0.000035,0.000000,0.002282
q_ind_42_pop_0,0.000866,0.000165,0.000000,0.005290
q_ind_43_pop_0,0.000419,0.000050,0.000000,0.003126
q_ind_44_pop_0,0.000588,0.000091,0.000000,0.003819
q_ind_45_pop_0,0.000987,0.000158,0.000000,0.006423
q_ind_46_pop_0,0.000421,0.000053,0.000000,0.003111
q_ind_47_pop_0,0.000346,0.000041,0.000000,0.002535
q_ind_48_pop_0,0.000490,0.000059,0.000000,0.003713
q_ind_49_pop_0,0.000590,0.000072,0.000000,0.004470
q_ind_50_pop_0,0.001898,0.000803,0.000000,0.008657
q_ind_51_pop_0,0.000475,0.000063,0.000000,0.003319
q_ind_52_pop_0,0.000733,0.000102,0.000000,0.004945
q_ind_53_pop_0,0.000563,0.000073,0.000000,0.004061
q_ind_54_pop_0,0.000782,0.000120,0.000000,0.005256
q_ind_55_pop_0,0.001806,0.000632,0.000000,0.008868
q_ind_56_pop_0,0.000316,0.000038,0.000000,0.002336
q_ind_57_pop_0,0.000785,0.000115,0.000000,0.005258
q_ind_58_pop_0,0.000223,0.000024,0.000000,0.001712
q_ind_59_pop_0,0.000361,0.000044,0.000000,0.002634
q_ind_60_pop_0,0.000177,0.000020,0.000000,0.001313
q_ind_61_pop_0,0.000349,0.000043,0.000000,0.002614
q_ind_62_pop_0,0.000188,0.000021,0.000000,0.001453
q_ind_63_pop_0,0.000248,0.000029,0.000000,0.001812
q_ind_64_pop_0,0.000353,0.000042,0.000000,0.002505
q_ind_65_pop_0,0.000258,0.000029,0.000000,0.001915
q_ind_66_pop_0,0.000337,0.000040,0.000000,0.002423
q_ind_67_pop_0,0.000172,0.000022,0.000000,0.001243
q_ind_68_pop_0,0.000414,0.000056,0.000000,0.002825
q_ind_69_pop_0,0.019423,0.019221,0.009383,0.030826
q_ind_70_pop_0,0.027025,0.026688,0.016084,0.039817
q_ind_71_pop_0,0.000201,0.000027,0.000000,0.001397
q_ind_72_pop_0,0.000165,0.000019,0.000000,0.001222
q_ind_73_pop_0,0.000297,0.000036,0.000000,0.002176
q_ind_74_pop_0,0.000189,0.000023,0.000000,0.001342
q_ind_75_pop_0,0.000225,0.000027,0.000000,0.001651
q_ind_76_pop_0,0.000242,0.000029,0.000000,0.001788
q_ind_77_pop_0,0.000189,0.000023,0.000000,0.001373
q_ind_78_pop_0,0.000184,0.000022,0.000000,0.001347
q_ind_79_pop_0,0.000282,0.000036,0.000000,0.002009
q_ind_80_pop_0,0.000233,0.000029,0.000000,0.001664
q_ind_81_pop_0,0.000298,0.000036,0.000000,0.002194
q_ind_82_pop_0,0.000293,0.000033,0.000000,0.002175
q_ind_83_pop_0,0.000951,0.000208,0.000000,0.005534
q_ind_84_pop_0,0.000757,0.000117,0.000000,0.004881
q_ind_85_pop_0,0.000975,0.000170,0.000000,0.005999
q_ind_86_pop_0,0.001068,0.000339,0.000000,0.005269
q_ind_87_pop_0,0.000336,0.000044,0.000000,0.002394
q_ind_88_pop_0,0.007105,0.006718,0.000210,0.016162
q_ind_89_pop_0,0.000977,0.000227,0.000000,0.005682
q_ind_90_pop_0,0.000265,0.000031,0.000000,0.001937
q_ind_91_pop_0,0.000196,0.000022,0.000000,0.001509
q_ind_92_pop_0,0.000285,0.000036,0.000000,0.002001
q_ind_93_pop_0,0.000762,0.000128,0.000000,0.004870
q_ind_94_pop_0,0.000212,0.000025,0.000000,0.001581
q_ind_95_pop_0,0.000281,0.000033,0.000000,0.002097
q_ind_96_pop_0,0.000766,0.000146,0.000000,0.004526
q_ind_97_pop_0,0.000328,0.000038,0.000000,0.002336
q_ind_98_pop_0,0.000297,0.000036,0.000000,0.002130
q_ind_99_pop_0,0.000266,0.000031,0.000000,0.001977
q_ind_100_pop_0,0.027131,0.026921,0.017950,0.037140
q_ind_101_pop_0,0.044073,0.043881,0.032867,0.055770
q_ind_102_pop_0,0.040036,0.039970,0.028850,0.051658
q_ind_103_pop_0,0.043277,0.043165,0.032037,0.055539
q_ind_104_pop_0,0.031512,0.031415,0.021597,0.042253
q_ind_105_pop_0,0.048581,0.048489,0.036567,0.061165
q_ind_106_pop_0,0.034280,0.034105,0.023895,0.045627
q_ind_107_pop_0,0.042498,0.042404,0.030910,0.054868
q_ind_108_pop_0,0.049168,0.049029,0.037900,0.061188
q_ind_109_pop_0,0.057307,0.057150,0.044304,0.070719
q_ind_110_pop_0,0.040833,0.040647,0.030430,0.052317
q_ind_111_pop_0,0.052906,0.052806,0.040519,0.065917
q_ind_112_pop_0,0.128466,0.128467,0.114517,0.142339
q_ind_113_pop_0,0.105872,0.105860,0.093785,0.118103
q_ind_114_pop_0,0.124316,0.124216,0.110369,0.138651
q_ind_115_pop_0,0.130665,0.130584,0.117253,0.144135
q_ind_116_pop_0,0.142162,0.142177,0.127361,0.156882
q_ind_117_pop_0,0.122842,0.122874,0.109674,0.135964
q_ind_118_pop_0,0.123116,0.123116,0.110051,0.136271
q_ind_119_pop_0,0.121973,0.121893,0.109102,0.135726
q_ind_120_pop_0,0.126400,0.126313,0.113623,0.139426
q_ind_121_pop_0,0.120547,0.120448,0.108003,0.133551
q_ind_122_pop_0,0.130871,0.130792,0.116615,0.145151
q_ind_123_pop_0,0.137330,0.137204,0.123798,0.151194
q_ind_124_pop_0,0.059397,0.059209,0.048701,0.070567
q_ind_125_pop_0,0.048330,0.048130,0.037413,0.060407
q_ind_126_pop_0,0.043055,0.042948,0.032887,0.053465
q_ind_127_pop_0,0.062116,0.061997,0.050929,0.073774
q_ind_128_pop_0,0.034304,0.034215,0.025135,0.044022
q_ind_129_pop_0,0.030752,0.030609,0.021876,0.040167
q_ind_130_pop_0,0.042134,0.041982,0.031777,0.053267
q_ind_131_pop_0,0.046487,0.046360,0.036628,0.057107
q_ind_132_pop_0,0.056411,0.056291,0.045416,0.068193
q_ind_133_pop_0,0.062979,0.062868,0.051656,0.075052
q_ind_134_pop_0,0.053105,0.053095,0.043097,0.063481
q_ind_135_pop_0,0.041500,0.041404,0.031781,0.051679
q_ind_136_pop_0,0.016990,0.016783,0.010483,0.024483
q_ind_137_pop_0,0.026224,0.026061,0.018715,0.034507
q_ind_138_pop_0,0.030020,0.029863,0.021820,0.039157
q_ind_139_pop_0,0.036576,0.036466,0.027623,0.045979
q_ind_140_pop_0,0.082924,0.082834,0.070917,0.095746
q_ind_141_pop_0,0.021581,0.021434,0.014169,0.029710
q_ind_142_pop_0,0.021302,0.021165,0.013893,0.029479
q_ind_143_pop_0,0.013580,0.013412,0.008103,0.020152
q_ind_144_pop_0,0.022727,0.022566,0.015292,0.031023
q_ind_145_pop_0,0.043009,0.042930,0.033145,0.053407
q_ind_146_pop_0,0.032248,0.032116,0.023878,0.041711
q_ind_147_pop_0,0.040467,0.040396,0.029905,0.051624
q_ind_148_pop_0,0.047461,0.047388,0.036531,0.059036
q_ind_149_pop_0,0.026408,0.026340,0.018135,0.035293
q_ind_150_pop_0,0.067991,0.067890,0.055600,0.080906
q_ind_151_pop_0,0.027817,0.027737,0.019380,0.036878
q_ind_152_pop_0,0.039209,0.039124,0.028844,0.049821
q_ind_153_pop_0,0.046428,0.046246,0.035363,0.058765
q_ind_154_pop_0,0.053408,0.053256,0.040268,0.066818
q_ind_155_pop_0,0.016967,0.016846,0.010426,0.024197
q_ind_156_pop_0,0.041414,0.041384,0.031528,0.051834
q_ind_157_pop_0,0.026416,0.026237,0.017707,0.036125
q_ind_158_pop_0,0.034308,0.034237,0.024320,0.044751
q_ind_159_pop_0,0.064118,0.063984,0.051667,0.077474
q_ind_160_pop_0,0.061498,0.061343,0.048232,0.075387
q_ind_161_pop_0,0.077493,0.077399,0.063021,0.093059
q_ind_162_pop_0,0.082304,0.082172,0.067957,0.097026
q_ind_163_pop_0,0.070129,0.070062,0.055730,0.085270
q_ind_164_pop_0,0.061719,0.061636,0.048696,0.075167
q_ind_165_pop_0,0.064272,0.064091,0.051718,0.077938
q_ind_166_pop_0,0.075734,0.075633,0.061092,0.090653
q_ind_167_pop_0,0.082184,0.082040,0.066199,0.099415
q_ind_168_pop_0,0.069275,0.069236,0.056107,0.082874
q_ind_169_pop_0,0.066337,0.066184,0.053593,0.079870
q_ind_170_pop_0,0.075956,0.075847,0.062177,0.090376
q_ind_171_pop_0,0.017145,0.016969,0.010818,0.024311
q_ind_172_pop_0,0.022873,0.022770,0.015550,0.030893
q_ind_173_pop_0,0.014958,0.014790,0.009200,0.021739
q_ind_174_pop_0,0.026976,0.026819,0.019160,0.035518
q_ind_175_pop_0,0.022598,0.022466,0.015233,0.030678
q_ind_176_pop_0,0.023690,0.023580,0.016162,0.031879
q_ind_177_pop_0,0.040968,0.040838,0.031917,0.050562
q_ind_178_pop_0,0.032658,0.032551,0.024881,0.041157
q_ind_179_pop_0,0.022589,0.022475,0.015306,0.030576
q_ind_180_pop_0,0.026254,0.026063,0.018326,0.035228
q_ind_181_pop_0,0.021025,0.020873,0.013495,0.029485
q_ind_182_pop_0,0.016645,0.016501,0.010223,0.023966
q_ind_183_pop_0,0.043257,0.043149,0.034003,0.053017
q_ind_184_pop_0,0.032511,0.032360,0.023617,0.042190
q_ind_185_pop_0,0.054503,0.054467,0.045015,0.064208
q_ind_186_pop_0,0.022124,0.022051,0.015597,0.029255
q_ind_187_pop_0,0.035279,0.035118,0.025609,0.045899
q_ind_188_pop_0,0.023326,0.023164,0.015687,0.031849
q_ind_189_pop_0,0.022380,0.022185,0.014796,0.030884
q_ind_190_pop_0,0.028326,0.028210,0.019401,0.038125
q_ind_191_pop_0,0.029119,0.028976,0.020254,0.038793
q_ind_192_pop_0,0.030632,0.030410,0.021597,0.040716
q_ind_193_pop_0,0.037042,0.036990,0.027531,0.047012
q_ind_194_pop_0,0.023692,0.023475,0.015397,0.033164
q_ind_195_pop_0,0.148181,0.148192,0.133038,0.163683
q_ind_196_pop_0,0.141941,0.141821,0.128625,0.155565
q_ind_197_pop_0,0.147772,0.147784,0.133525,0.162209
q_ind_198_pop_0,0.104905,0.104901,0.093177,0.116727
q_ind_199_pop_0,0.156213,0.156099,0.141758,0.170841
q_ind_200_pop_0,0.140495,0.140388,0.125827,0.155877
q_ind_201_pop_0,0.144098,0.144043,0.130032,0.158620
q_ind_202_pop_0,0.111120,0.111111,0.099611,0.122879
q_ind_203_pop_0,0.145785,0.145744,0.131383,0.160545
q_ind_204_pop_0,0.156457,0.156399,0.141815,0.171395
q_ind_205_pop_0,0.160263,0.160217,0.145969,0.174744
q_ind_206_pop_0,0.776549,0.776550,0.763119,0.789767
q_ind_207_pop_0,0.806458,0.806541,0.794990,0.817494
q_ind_208_pop_0,0.856729,0.856783,0.846805,0.866429
q_ind_209_pop_0,0.819923,0.819949,0.808631,0.830884
q_ind_210_pop_0,0.868055,0.868086,0.858512,0.877336
q_ind_211_pop_0,0.752795,0.752855,0.740245,0.765190
q_ind_212_pop_0,0.874387,0.874464,0.864876,0.883469
q_ind_213_pop_0,0.881190,0.881224,0.872355,0.889781
q_ind_214_pop_0,0.859184,0.859225,0.849502,0.868751
q_ind_215_pop_0,0.895990,0.896065,0.887800,0.903844
q_ind_216_pop_0,0.871174,0.871231,0.861667,0.880316
q_ind_217_pop_0,0.887395,0.887456,0.878297,0.896120
q_ind_218_pop_0,0.031670,0.031541,0.022320,0.041967
q_ind_219_pop_0,0.028424,0.028240,0.019617,0.038142
q_ind_220_pop_0,0.020162,0.019960,0.013160,0.028320
q_ind_221_pop_0,0.058069,0.057911,0.047121,0.070018
q_ind_222_pop_0,0.022625,0.022467,0.014787,0.031517
q_ind_223_pop_0,0.034748,0.034648,0.026583,0.043525
q_ind_224_pop_0,0.019789,0.019570,0.012800,0.027902
q_ind_225_pop_0,0.035276,0.035098,0.025351,0.046285
q_ind_226_pop_0,0.042629,0.042442,0.032158,0.054205
q_ind_227_pop_0,0.039771,0.039687,0.030481,0.049937
q_ind_228_pop_0,0.015422,0.015236,0.009224,0.022657
q_ind_229_pop_0,0.024199,0.024028,0.016514,0.032810
q_ind_230_pop_0,0.027562,0.027476,0.019383,0.036438
q_ind_231_pop_0,0.030148,0.029992,0.021580,0.039521
q_ind_232_pop_0,0.025931,0.025805,0.018527,0.033861
q_ind_233_pop_0,0.025072,0.024821,0.017116,0.034339
q_ind_234_pop_0,0.026896,0.026681,0.018721,0.036221
q_ind_235_pop_0,0.029587,0.029451,0.021138,0.038896
q_ind_236_pop_0,0.036050,0.035912,0.027206,0.045815
q_ind_237_pop_0,0.019360,0.019191,0.012199,0.027500
q_ind_238_pop_0,0.024322,0.024133,0.016352,0.033250
q_ind_239_pop_0,0.050243,0.050078,0.039642,0.061521
q_ind_240_pop_0,0.060582,0.060475,0.048903,0.072571
q_ind_241_pop_0,0.022310,0.022140,0.014383,0.031050
q_ind_242_pop_0,0.000133,0.000022,0.000000,0.000885
q_ind_243_pop_0,0.000103,0.000012,0.000000,0.000752
q_ind_244_pop_0,0.000168,0.000041,0.000000,0.000992
q_ind_245_pop_0,0.000134,0.000022,0.000000,0.000904
q_ind_246_pop_0,0.000173,0.000039,0.000000,0.001063
q_ind_247_pop_0,0.000084,0.000010,0.000000,0.000615
q_ind_248_pop_0,0.000086,0.000011,0.000000,0.000617
q_ind_249_pop_0,0.000102,0.000013,0.000000,0.000743
q_ind_250_pop_0,0.000083,0.000011,0.000000,0.000583
q_ind_251_pop_0,0.000082,0.000010,0.000000,0.000579
q_ind_252_pop_0,0.000085,0.000012,0.000000,0.000615
q_ind_253_pop_0,0.000125,0.000023,0.000000,0.000796
q_ind_254_pop_0,0.000154,0.000029,0.000000,0.000995
q_ind_255_pop_0,0.000091,0.000017,0.000000,0.000590
q_ind_256_pop_0,0.000088,0.000014,0.000000,0.000605
q_ind_257_pop_0,0.000223,0.000080,0.000000,0.001190
q_ind_258_pop_0,0.000167,0.000046,0.000000,0.000949
q_ind_259_pop_0,0.000119,0.000025,0.000000,0.000743
q_ind_260_pop_0,0.000116,0.000022,0.000000,0.000740
q_ind_261_pop_0,0.000095,0.000015,0.000000,0.000665
q_ind_262_pop_0,0.023051,0.022978,0.016085,0.030436
q_ind_263_pop_0,0.024604,0.024565,0.017805,0.031642
q_ind_264_pop_0,0.026276,0.026194,0.019643,0.033356
q_ind_265_pop_0,0.029718,0.029673,0.023175,0.036652
q_ind_266_pop_0,0.039402,0.039351,0.032177,0.046975
q_ind_267_pop_0,0.022472,0.022393,0.016017,0.029545
q_ind_268_pop_0,0.035449,0.035347,0.028631,0.042803
q_ind_269_pop_0,0.054676,0.054593,0.046217,0.063481
q_ind_270_pop_0,0.040460,0.040323,0.033330,0.048249
q_ind_271_pop_0,0.025528,0.025441,0.018876,0.032643
q_ind_0_pop_1,0.477202,0.477240,0.440259,0.513922
q_ind_1_pop_1,0.490662,0.490642,0.459262,0.522680
q_ind_2_pop_1,0.476048,0.476079,0.435822,0.516018
q_ind_3_pop_1,0.503538,0.503581,0.470093,0.536278
q_ind_4_pop_1,0.522273,0.522207,0.492413,0.552766
q_ind_5_pop_1,0.498352,0.498237,0.461185,0.535708
q_ind_6_pop_1,0.496839,0.496894,0.465835,0.528049
q_ind_7_pop_1,0.505626,0.505695,0.472802,0.538392
q_ind_8_pop_1,0.486161,0.486018,0.454541,0.518501
q_ind_9_pop_1,0.492578,0.492692,0.459021,0.524918
q_ind_10_pop_1,0.487036,0.487102,0.455547,0.518416
q_ind_11_pop_1,0.492032,0.492228,0.460062,0.523855
q_ind_12_pop_1,0.628996,0.629172,0.603012,0.654468
q_ind_13_pop_1,0.971367,0.971524,0.957366,0.984389
q_ind_14_pop_1,0.971037,0.971294,0.955420,0.985563
q_ind_15_pop_1,0.969930,0.970418,0.951443,0.984973
q_ind_16_pop_1,0.952233,0.952371,0.935097,0.968135
q_ind_17_pop_1,0.962319,0.962648,0.947317,0.975731
q_ind_18_pop_1,0.953414,0.953922,0.933934,0.969939
q_ind_19_pop_1,0.967155,0.967615,0.950031,0.981800
q_ind_20_pop_1,0.184928,0.184755,0.156505,0.213729
q_ind_21_pop_1,0.000844,0.000127,0.000000,0.005640
q_ind_22_pop_1,0.000659,0.000078,0.000000,0.004732
q_ind_23_pop_1,0.000358,0.000040,0.000000,0.002673
q_ind_24_pop_1,0.000426,0.000048,0.000000,0.003139
q_ind_25_pop_1,0.000355,0.000043,0.000000,0.002598
q_ind_26_pop_1,0.000452,0.000055,0.000000,0.003278
q_ind_27_pop_1,0.000368,0.000046,0.000000,0.002672
q_ind_28_pop_1,0.013357,0.013483,0.000044,0.026596
q_ind_29_pop_1,0.093288,0.093090,0.070789,0.116394
q_ind_30_pop_1,0.000306,0.000037,0.000000,0.002275
q_ind_31_pop_1,0.000368,0.000042,0.000000,0.002738
q_ind_32_pop_1,0.999228,0.999587,0.996547,0.999997
q_ind_33_pop_1,0.999113,0.999514,0.996079,0.999997
q_ind_34_pop_1,0.999382,0.999667,0.997171,0.999998
q_ind_35_pop_1,0.753051,0.753051,0.727224,0.778921
q_ind_36_pop_1,0.999422,0.999697,0.997315,0.999998
q_ind_37_pop_1,0.999029,0.999466,0.995752,0.999997
q_ind_38_pop_1,0.998855,0.999352,0.994973,0.999996
q_ind_39_pop_1,0.999022,0.999429,0.995692,0.999996
q_ind_40_pop_1,0.999332,0.999654,0.996907,0.999997
q_ind_41_pop_1,0.998827,0.999341,0.994875,0.999996
q_ind_42_pop_1,0.992515,0.992863,0.982001,0.999891
q_ind_43_pop_1,0.999071,0.999508,0.995783,0.999997
q_ind_44_pop_1,0.003399,0.000918,0.000000,0.017303
q_ind_45_pop_1,0.026313,0.026151,0.008155,0.045524
q_ind_46_pop_1,0.030676,0.030480,0.014786,0.048041
q_ind_47_pop_1,0.002139,0.000473,0.000000,0.011758
q_ind_48_pop_1,0.001098,0.000155,0.000000,0.007438
q_ind_49_pop_1,0.005994,0.003304,0.000000,0.023777
q_ind_50_pop_1,0.003613,0.001035,0.000000,0.018194
q_ind_51_pop_1,0.012690,0.012807,0.000005,0.027521
q_ind_52_pop_1,0.003000,0.001071,0.000000,0.014114
q_ind_53_pop_1,0.001528,0.000221,0.000000,0.010379
q_ind_54_pop_1,0.016445,0.016065,0.000001,0.039048
q_ind_55_pop_1,0.006054,0.003523,0.000000,0.022757
q_ind_56_pop_1,0.999127,0.999527,0.996025,0.999997
q_ind_57_pop_1,0.998384,0.999053,0.993344,0.999994
q_ind_58_pop_1,0.999446,0.999704,0.997405,0.999998
q_ind_59_pop_1,0.999160,0.999552,0.996054,0.999997
q_ind_60_pop_1,0.999499,0.999732,0.997684,0.999998
q_ind_61_pop_1,0.999062,0.999484,0.995773,0.999996
q_ind_62_pop_1,0.999466,0.999718,0.997544,0.999998
q_ind_63_pop_1,0.999482,0.999731,0.997560,0.999998
q_ind_64_pop_1,0.999257,0.999599,0.996675,0.999998
q_ind_65_pop_1,0.999386,0.999672,0.997166,0.999998
q_ind_66_pop_1,0.999238,0.999589,0.996636,0.999997
q_ind_67_pop_1,0.999482,0.999711,0.997686,0.999998
q_ind_68_pop_1,0.002014,0.000424,0.000000,0.011259
q_ind_69_pop_1,0.053364,0.053187,0.035935,0.072083
q_ind_70_pop_1,0.203344,0.203126,0.177681,0.229727
q_ind_71_pop_1,0.002079,0.000680,0.000000,0.009945
q_ind_72_pop_1,0.000674,0.000085,0.000000,0.004500
q_ind_73_pop_1,0.001480,0.000227,0.000000,0.009138
q_ind_74_pop_1,0.008241,0.007964,0.000007,0.019054
q_ind_75_pop_1,0.002653,0.000925,0.000000,0.012201
q_ind_76_pop_1,0.006896,0.006250,0.000000,0.019009
q_ind_77_pop_1,0.000901,0.000139,0.000000,0.005596
q_ind_78_pop_1,0.109974,0.109909,0.092855,0.127494
q_ind_79_pop_1,0.000546,0.000063,0.000000,0.003964
q_ind_80_pop_1,0.000316,0.000034,0.000000,0.002381
q_ind_81_pop_1,0.000440,0.000061,0.000000,0.003121
q_ind_82_pop_1,0.000507,0.000055,0.000000,0.003617
q_ind_83_pop_1,0.000635,0.000075,0.000000,0.004804
q_ind_84_pop_1,0.038283,0.038079,0.022448,0.055087
q_ind_85_pop_1,0.000766,0.000083,0.000000,0.005911
q_ind_86_pop_1,0.000648,0.000089,0.000000,0.004411
q_ind_87_pop_1,0.000467,0.000053,0.000000,0.003493
q_ind_88_pop_1,0.058799,0.058636,0.040552,0.078003
q_ind_89_pop_1,0.000516,0.000063,0.000000,0.003746
q_ind_90_pop_1,0.000407,0.000047,0.000000,0.003115
q_ind_91_pop_1,0.000469,0.000057,0.000000,0.003347
q_ind_92_pop_1,0.000673,0.000089,0.000000,0.004741
q_ind_93_pop_1,0.001928,0.000424,0.000000,0.010801
q_ind_94_pop_1,0.000465,0.000057,0.000000,0.003315
q_ind_95_pop_1,0.000406,0.000047,0.000000,0.003028
q_ind_96_pop_1,0.000928,0.000138,0.000000,0.006361
q_ind_97_pop_1,0.000601,0.000071,0.000000,0.004540
q_ind_98_pop_1,0.000520,0.000060,0.000000,0.003881
q_ind_99_pop_1,0.141154,0.141034,0.121179,0.161274
q_ind_100_pop_1,0.876528,0.876672,0.858742,0.893255
q_ind_101_pop_1,0.822311,0.822344,0.802937,0.841288
q_ind_102_pop_1,0.843790,0.843807,0.825289,0.862052
q_ind_103_pop_1,0.821796,0.821841,0.802234,0.841031
q_ind_104_pop_1,0.853874,0.853994,0.835408,0.871844
q_ind_105_pop_1,0.811010,0.811111,0.791122,0.830496
q_ind_106_pop_1,0.860004,0.860039,0.842218,0.877790
q_ind_107_pop_1,0.825616,0.825643,0.806010,0.844473
q_ind_108_pop_1,0.798781,0.798760,0.779702,0.817920
q_ind_109_pop_1,0.807371,0.807613,0.787011,0.827212
q_ind_110_pop_1,0.839048,0.838978,0.821115,0.857547
q_ind_111_pop_1,0.801990,0.801976,0.782170,0.821624
q_ind_112_pop_1,0.798152,0.798263,0.781126,0.815010
q_ind_113_pop_1,0.755558,0.755573,0.737797,0.772996
q_ind_114_pop_1,0.779693,0.779759,0.761244,0.797482
q_ind_115_pop_1,0.788269,0.788271,0.771005,0.805378
q_ind_116_pop_1,0.725344,0.725332,0.705850,0.744845
q_ind_117_pop_1,0.773356,0.773353,0.756091,0.790611
q_ind_118_pop_1,0.819520,0.819549,0.803254,0.835396
q_ind_119_pop_1,0.805376,0.805384,0.788515,0.822439
q_ind_120_pop_1,0.772015,0.772055,0.755053,0.788864
q_ind_121_pop_1,0.790736,0.790784,0.773751,0.807353
q_ind_122_pop_1,0.756261,0.756368,0.737521,0.774411
q_ind_123_pop_1,0.805523,0.805556,0.788878,0.822080
q_ind_124_pop_1,0.774815,0.774865,0.756735,0.792597
q_ind_125_pop_1,0.833052,0.833104,0.814961,0.850722
q_ind_126_pop_1,0.847545,0.847576,0.831190,0.863928
q_ind_127_pop_1,0.777386,0.777456,0.759077,0.795323
q_ind_128_pop_1,0.883977,0.884064,0.868450,0.898871
q_ind_129_pop_1,0.914292,0.914436,0.900166,0.927434
q_ind_130_pop_1,0.871872,0.871950,0.855620,0.887919
q_ind_131_pop_1,0.835821,0.835948,0.818753,0.852202
q_ind_132_pop_1,0.804376,0.804412,0.786431,0.822016
q_ind_133_pop_1,0.780253,0.780414,0.761908,0.798011
q_ind_134_pop_1,0.665695,0.665711,0.647969,0.683255
q_ind_135_pop_1,0.754491,0.754476,0.736101,0.772979
q_ind_136_pop_1,0.823835,0.823951,0.806616,0.840390
q_ind_137_pop_1,0.802564,0.802533,0.785352,0.820003
q_ind_138_pop_1,0.798683,0.798865,0.780970,0.815890
q_ind_139_pop_1,0.763252,0.763362,0.745227,0.780762
q_ind_140_pop_1,0.658152,0.658102,0.639175,0.677262
q_ind_141_pop_1,0.825109,0.825156,0.808817,0.841402
q_ind_142_pop_1,0.830466,0.830675,0.812799,0.846820
q_ind_143_pop_1,0.819079,0.819215,0.802412,0.835499
q_ind_144_pop_1,0.773999,0.774174,0.755680,0.791366
q_ind_145_pop_1,0.755638,0.755734,0.737119,0.773509
q_ind_146_pop_1,0.786936,0.786970,0.769349,0.803805
q_ind_147_pop_1,0.260778,0.260662,0.241453,0.280343
q_ind_148_pop_1,0.278875,0.278839,0.259340,0.298065
q_ind_149_pop_1,0.191877,0.191786,0.175515,0.208823
q_ind_150_pop_1,0.394519,0.394567,0.373495,0.415467
q_ind_151_pop_1,0.211709,0.211635,0.194839,0.229052
q_ind_152_pop_1,0.308313,0.308358,0.289577,0.327041
q_ind_153_pop_1,0.313232,0.313195,0.293207,0.333404
q_ind_154_pop_1,0.305722,0.305681,0.284000,0.327665
q_ind_155_pop_1,0.161778,0.161704,0.146675,0.177194
q_ind_156_pop_1,0.337551,0.337553,0.318882,0.356126
q_ind_157_pop_1,0.199025,0.198976,0.181388,0.216910
q_ind_158_pop_1,0.259265,0.259253,0.240868,0.278031
q_ind_159_pop_1,0.266939,0.266947,0.248976,0.284681
q_ind_160_pop_1,0.258141,0.258130,0.240105,0.276600
q_ind_161_pop_1,0.363594,0.363731,0.342420,0.384297
q_ind_162_pop_1,0.364975,0.364925,0.345090,0.385186
q_ind_163_pop_1,0.244956,0.244801,0.227340,0.263203
q_ind_164_pop_1,0.283798,0.283550,0.265906,0.302684
q_ind_165_pop_1,0.274483,0.274541,0.256257,0.292504
q_ind_166_pop_1,0.228413,0.228426,0.211026,0.245400
q_ind_167_pop_1,0.257396,0.257429,0.238208,0.277321
q_ind_168_pop_1,0.286075,0.285943,0.268254,0.304443
q_ind_169_pop_1,0.316476,0.316499,0.298204,0.334725
q_ind_170_pop_1,0.239729,0.239527,0.222524,0.257482
q_ind_171_pop_1,0.847609,0.847811,0.831230,0.863246
q_ind_172_pop_1,0.805367,0.805320,0.787882,0.822847
q_ind_173_pop_1,0.818685,0.818719,0.801791,0.835233
q_ind_174_pop_1,0.811074,0.811242,0.793579,0.828053
q_ind_175_pop_1,0.821940,0.821948,0.805518,0.838170
q_ind_176_pop_1,0.800571,0.800697,0.783617,0.817137
q_ind_177_pop_1,0.783182,0.783143,0.765624,0.800576
q_ind_178_pop_1,0.671994,0.672094,0.653974,0.689280
q_ind_179_pop_1,0.822693,0.822657,0.805979,0.839353
q_ind_180_pop_1,0.811597,0.811680,0.793756,0.828960
q_ind_181_pop_1,0.838008,0.838103,0.820789,0.854483
q_ind_182_pop_1,0.842306,0.842390,0.825825,0.858222
q_ind_183_pop_1,0.530266,0.530241,0.511539,0.549018
q_ind_184_pop_1,0.450630,0.450739,0.429929,0.471125
q_ind_185_pop_1,0.445310,0.445274,0.426596,0.463490
q_ind_186_pop_1,0.587606,0.587567,0.570486,0.604771
q_ind_187_pop_1,0.484089,0.484079,0.463553,0.504823
q_ind_188_pop_1,0.408390,0.408421,0.387716,0.429071
q_ind_189_pop_1,0.427066,0.427150,0.407006,0.447098
q_ind_190_pop_1,0.418125,0.418100,0.397516,0.438949
q_ind_191_pop_1,0.450327,0.450298,0.429799,0.470589
q_ind_192_pop_1,0.448197,0.448172,0.427671,0.468672
q_ind_193_pop_1,0.471129,0.471305,0.451260,0.490577
q_ind_194_pop_1,0.444440,0.444484,0.424026,0.464400
q_ind_195_pop_1,0.407362,0.407396,0.388158,0.426621
q_ind_196_pop_1,0.375228,0.375337,0.357263,0.392917
q_ind_197_pop_1,0.333991,0.333823,0.316368,0.352673
q_ind_198_pop_1,0.392675,0.392711,0.374855,0.410352
q_ind_199_pop_1,0.368709,0.368712,0.350268,0.387511
q_ind_200_pop_1,0.409058,0.409007,0.389648,0.428733
q_ind_201_pop_1,0.360746,0.360705,0.343091,0.378780
q_ind_202_pop_1,0.447648,0.447722,0.430180,0.465331
q_ind_203_pop_1,0.343545,0.343555,0.325529,0.361800
q_ind_204_pop_1,0.351775,0.351773,0.333747,0.369913
q_ind_205_pop_1,0.363476,0.363525,0.345496,0.381295
q_ind_206_pop_1,0.154659,0.154648,0.141645,0.168004
q_ind_207_pop_1,0.134352,0.134292,0.123351,0.145853
q_ind_208_pop_1,0.101432,0.101415,0.092018,0.111064
q_ind_209_pop_1,0.130951,0.130865,0.120160,0.142096
q_ind_210_pop_1,0.093341,0.093307,0.084248,0.102600
q_ind_211_pop_1,0.151473,0.151356,0.139473,0.163985
q_ind_212_pop_1,0.087163,0.087075,0.078589,0.096189
q_ind_213_pop_1,0.083894,0.083816,0.075501,0.092511
q_ind_214_pop_1,0.101157,0.101073,0.091751,0.110838
q_ind_215_pop_1,0.073413,0.073376,0.065602,0.081520
q_ind_216_pop_1,0.092204,0.092152,0.083319,0.101339
q_ind_217_pop_1,0.080731,0.080668,0.072120,0.089782
q_ind_218_pop_1,0.478695,0.478775,0.457261,0.500660
q_ind_219_pop_1,0.491958,0.491906,0.470692,0.513468
q_ind_220_pop_1,0.466635,0.466436,0.445750,0.488065
q_ind_221_pop_1,0.521755,0.521831,0.500858,0.542539
q_ind_222_pop_1,0.451856,0.451875,0.430574,0.472993
q_ind_223_pop_1,0.672660,0.672681,0.654773,0.690639
q_ind_224_pop_1,0.476900,0.476913,0.456051,0.497806
q_ind_225_pop_1,0.492561,0.492456,0.470438,0.514762
q_ind_226_pop_1,0.490960,0.490897,0.468875,0.513372
q_ind_227_pop_1,0.540280,0.540324,0.519679,0.560571
q_ind_228_pop_1,0.445314,0.445311,0.424359,0.466277
q_ind_229_pop_1,0.463642,0.463668,0.442315,0.485087
q_ind_230_pop_1,0.863665,0.863612,0.847682,0.879839
q_ind_231_pop_1,0.847492,0.847575,0.830510,0.864003
q_ind_232_pop_1,0.723566,0.723471,0.706429,0.741301
q_ind_233_pop_1,0.894219,0.894246,0.878710,0.909736
q_ind_234_pop_1,0.873359,0.873510,0.856835,0.889140
q_ind_235_pop_1,0.860612,0.860667,0.844067,0.876984
q_ind_236_pop_1,0.827581,0.827625,0.810402,0.844548
q_ind_237_pop_1,0.905961,0.906107,0.891070,0.920310
q_ind_238_pop_1,0.887225,0.887343,0.871151,0.902299
q_ind_239_pop_1,0.780897,0.780949,0.762534,0.798824
q_ind_240_pop_1,0.767036,0.767051,0.748377,0.785468
q_ind_241_pop_1,0.899979,0.900038,0.884510,0.914776
q_ind_242_pop_1,0.007627,0.007558,0.002484,0.013321
q_ind_243_pop_1,0.001255,0.000732,0.000000,0.005108
q_ind_244_pop_1,0.003942,0.003700,0.000609,0.008685
q_ind_245_pop_1,0.002617,0.002146,0.000001,0.008068
q_ind_246_pop_1,0.003279,0.003006,0.000200,0.008096
q_ind_247_pop_1,0.000195,0.000024,0.000000,0.001395
q_ind_248_pop_1,0.004128,0.003846,0.000198,0.009651
q_ind_249_pop_1,0.004072,0.003775,0.000090,0.009941
q_ind_250_pop_1,0.000520,0.000113,0.000000,0.003101
q_ind_251_pop_1,0.002496,0.002154,0.000045,0.006759
q_ind_252_pop_1,0.007420,0.007249,0.002333,0.013630
q_ind_253_pop_1,0.000136,0.000040,0.000000,0.000771
q_ind_254_pop_1,0.000332,0.000169,0.000000,0.001510
q_ind_255_pop_1,0.000147,0.000046,0.000000,0.000855
q_ind_256_pop_1,0.000158,0.000055,0.000000,0.000883
q_ind_257_pop_1,0.000225,0.000111,0.000000,0.001099
q_ind_258_pop_1,0.000254,0.000148,0.000000,0.001062
q_ind_259_pop_1,0.000207,0.000095,0.000000,0.001016
q_ind_260_pop_1,0.000164,0.000058,0.000000,0.000926
q_ind_261_pop_1,0.000178,0.000072,0.000000,0.000924
q_ind_262_pop_1,0.002025,0.001822,0.000193,0.005055
q_ind_263_pop_1,0.004337,0.004191,0.001506,0.008052
q_ind_264_pop_1,0.005354,0.005195,0.001719,0.009914
q_ind_265_pop_1,0.002455,0.002300,0.000526,0.005325
q_ind_266_pop_1,0.009298,0.009152,0.004895,0.014479
q_ind_267_pop_1,0.003112,0.002970,0.000987,0.005991
q_ind_268_pop_1,0.005077,0.004934,0.002088,0.008794
q_ind_269_pop_1,0.010347,0.010256,0.006015,0.015231
q_ind_270_pop_1,0.008788,0.008638,0.004677,0.013661
q_ind_271_pop_1,0.003470,0.003340,0.001125,0.006562
q_ind_0_pop_2,0.390157,0.390043,0.354577,0.425344
q_ind_1_pop_2,0.412545,0.412393,0.381108,0.444369
q_ind_2_pop_2,0.431705,0.431767,0.392157,0.470182
q_ind_3_pop_2,0.426567,0.426808,0.393787,0.458855
q_ind_4_pop_2,0.396424,0.396653,0.366299,0.425618
q_ind_5_pop_2,0.420645,0.420606,0.384699,0.456626
q_ind_6_pop_2,0.405831,0.405823,0.375302,0.436471
q_ind_7_pop_2,0.418194,0.418134,0.386316,0.450323
q_ind_8_pop_2,0.418267,0.418460,0.386345,0.449694
q_ind_9_pop_2,0.432705,0.432705,0.399791,0.464973
q_ind_10_pop_2,0.417097,0.417055,0.386252,0.447665
q_ind_11_pop_2,0.408585,0.408605,0.376741,0.440044
q_ind_12_pop_2,0.093455,0.093407,0.074050,0.113597
q_ind_13_pop_2,0.000928,0.000139,0.000000,0.006171
q_ind_14_pop_2,0.001148,0.000147,0.000000,0.007847
q_ind_15_pop_2,0.003155,0.000699,0.000000,0.017050
q_ind_16_pop_2,0.000867,0.000107,0.000000,0.006342
q_ind_17_pop_2,0.000678,0.000082,0.000000,0.004895
q_ind_18_pop_2,0.009545,0.008928,0.000000,0.024898
q_ind_19_pop_2,0.001746,0.000357,0.000000,0.010459
q_ind_20_pop_2,0.106801,0.106419,0.080577,0.134568
q_ind_21_pop_2,0.000381,0.000044,0.000000,0.002783
q_ind_22_pop_2,0.000601,0.000079,0.000000,0.004268
q_ind_23_pop_2,0.000273,0.000032,0.000000,0.002029
q_ind_24_pop_2,0.000508,0.000065,0.000000,0.003617
q_ind_25_pop_2,0.000296,0.000033,0.000000,0.002250
q_ind_26_pop_2,0.000481,0.000061,0.000000,0.003522
q_ind_27_pop_2,0.000307,0.000035,0.000000,0.002230
q_ind_28_pop_2,0.000595,0.000070,0.000000,0.004460
q_ind_29_pop_2,0.055331,0.054870,0.035410,0.077400
q_ind_30_pop_2,0.000310,0.000036,0.000000,0.002312
q_ind_31_pop_2,0.000372,0.000042,0.000000,0.002775
q_ind_32_pop_2,0.000217,0.000025,0.000000,0.001595
q_ind_33_pop_2,0.000311,0.000039,0.000000,0.002297
q_ind_34_pop_2,0.000224,0.000026,0.000000,0.001645
q_ind_35_pop_2,0.013892,0.013753,0.000015,0.030548
q_ind_36_pop_2,0.000219,0.000026,0.000000,0.001626
q_ind_37_pop_2,0.000334,0.000038,0.000000,0.002517
q_ind_38_pop_2,0.000392,0.000047,0.000000,0.002826
q_ind_39_pop_2,0.000243,0.000027,0.000000,0.001807
q_ind_40_pop_2,0.000221,0.000024,0.000000,0.001658
q_ind_41_pop_2,0.000342,0.000041,0.000000,0.002409
q_ind_42_pop_2,0.000911,0.000113,0.000000,0.006544
q_ind_43_pop_2,0.000255,0.000027,0.000000,0.001861
q_ind_44_pop_2,0.001635,0.000272,0.000000,0.010709
q_ind_45_pop_2,0.002647,0.000696,0.000000,0.014522
q_ind_46_pop_2,0.007224,0.006113,0.000000,0.021935
q_ind_47_pop_2,0.000567,0.000055,0.000000,0.004337
q_ind_48_pop_2,0.000883,0.000109,0.000000,0.006307
q_ind_49_pop_2,0.000915,0.000110,0.000000,0.006672
q_ind_50_pop_2,0.002485,0.000557,0.000000,0.014028
q_ind_51_pop_2,0.000940,0.000123,0.000000,0.006402
q_ind_52_pop_2,0.000763,0.000097,0.000000,0.005601
q_ind_53_pop_2,0.005521,0.001846,0.000000,0.026331
q_ind_54_pop_2,0.001283,0.000166,0.000000,0.009612
q_ind_55_pop_2,0.002108,0.000381,0.000000,0.012524
q_ind_56_pop_2,0.000309,0.000036,0.000000,0.002345
q_ind_57_pop_2,0.000438,0.000053,0.000000,0.003076
q_ind_58_pop_2,0.000181,0.000020,0.000000,0.001315
q_ind_59_pop_2,0.000281,0.000035,0.000000,0.002067
q_ind_60_pop_2,0.000167,0.000019,0.000000,0.001233
q_ind_61_pop_2,0.000242,0.000029,0.000000,0.001784
q_ind_62_pop_2,0.000180,0.000021,0.000000,0.001351
q_ind_63_pop_2,0.000147,0.000015,0.000000,0.001131
q_ind_64_pop_2,0.000176,0.000020,0.000000,0.001309
q_ind_65_pop_2,0.000197,0.000023,0.000000,0.001470
q_ind_66_pop_2,0.000223,0.000025,0.000000,0.001716
q_ind_67_pop_2,0.000178,0.000020,0.000000,0.001313
q_ind_68_pop_2,0.000338,0.000039,0.000000,0.002556
q_ind_69_pop_2,0.245169,0.244975,0.220551,0.270137
q_ind_70_pop_2,0.200285,0.199979,0.174044,0.227199
q_ind_71_pop_2,0.000372,0.000043,0.000000,0.002816
q_ind_72_pop_2,0.000313,0.000035,0.000000,0.002276
q_ind_73_pop_2,0.000338,0.000039,0.000000,0.002494
q_ind_74_pop_2,0.000434,0.000059,0.000000,0.003027
q_ind_75_pop_2,0.000427,0.000049,0.000000,0.003256
q_ind_76_pop_2,0.000433,0.000053,0.000000,0.003058
q_ind_77_pop_2,0.000339,0.000044,0.000000,0.002345
q_ind_78_pop_2,0.000459,0.000055,0.000000,0.003332
q_ind_79_pop_2,0.000462,0.000053,0.000000,0.003442
q_ind_80_pop_2,0.000318,0.000039,0.000000,0.002327
q_ind_81_pop_2,0.000444,0.000054,0.000000,0.003211
q_ind_82_pop_2,0.000454,0.000056,0.000000,0.003355
q_ind_83_pop_2,0.000332,0.000039,0.000000,0.002385
q_ind_84_pop_2,0.050739,0.050540,0.033456,0.069061
q_ind_85_pop_2,0.005975,0.003580,0.000000,0.022409
q_ind_86_pop_2,0.000729,0.000118,0.000000,0.004734
q_ind_87_pop_2,0.000392,0.000047,0.000000,0.002893
q_ind_88_pop_2,0.001730,0.000374,0.000000,0.010041
q_ind_89_pop_2,0.000767,0.000114,0.000000,0.005125
q_ind_90_pop_2,0.000309,0.000037,0.000000,0.002323
q_ind_91_pop_2,0.000351,0.000039,0.000000,0.002646
q_ind_92_pop_2,0.000356,0.000038,0.000000,0.002713
q_ind_93_pop_2,0.000768,0.000091,0.000000,0.005436
q_ind_94_pop_2,0.000300,0.000032,0.000000,0.002308
q_ind_95_pop_2,0.000246,0.000029,0.000000,0.001861
q_ind_96_pop_2,0.000365,0.000041,0.000000,0.002787
q_ind_97_pop_2,0.001200,0.000212,0.000000,0.007265
q_ind_98_pop_2,0.000387,0.000046,0.000000,0.002795
q_ind_99_pop_2,0.017962,0.017818,0.002216,0.033579
q_ind_100_pop_2,0.059732,0.059559,0.045346,0.074724
q_ind_101_pop_2,0.077679,0.077623,0.062500,0.093686
q_ind_102_pop_2,0.075669,0.075511,0.060731,0.091852
q_ind_103_pop_2,0.084509,0.084402,0.068670,0.101349
q_ind_104_pop_2,0.070226,0.070056,0.055110,0.086709
q_ind_105_pop_2,0.083319,0.083220,0.067482,0.099832
q_ind_106_pop_2,0.066206,0.065957,0.050989,0.082469
q_ind_107_pop_2,0.085214,0.085195,0.069192,0.101554
q_ind_108_pop_2,0.084783,0.084795,0.069423,0.100233
q_ind_109_pop_2,0.080654,0.080467,0.064441,0.097681
q_ind_110_pop_2,0.074499,0.074402,0.059445,0.090166
q_ind_111_pop_2,0.090824,0.090647,0.074619,0.107851
q_ind_112_pop_2,0.055793,0.055602,0.043838,0.069112
q_ind_113_pop_2,0.077625,0.077581,0.064082,0.091206
q_ind_114_pop_2,0.071302,0.071109,0.057912,0.085753
q_ind_115_pop_2,0.057816,0.057715,0.045595,0.071001
q_ind_116_pop_2,0.093383,0.093416,0.077688,0.109461
q_ind_117_pop_2,0.076435,0.076335,0.062996,0.090822
q_ind_118_pop_2,0.042977,0.042880,0.032183,0.054403
q_ind_119_pop_2,0.052156,0.052124,0.040014,0.064782
q_ind_120_pop_2,0.068910,0.068752,0.055652,0.082792
q_ind_121_pop_2,0.064046,0.063998,0.051250,0.077317
q_ind_122_pop_2,0.077963,0.077760,0.063779,0.093237
q_ind_123_pop_2,0.042829,0.042667,0.032228,0.054231
q_ind_124_pop_2,0.098311,0.098098,0.084073,0.113295
q_ind_125_pop_2,0.086688,0.086635,0.071716,0.102194
q_ind_126_pop_2,0.073963,0.073899,0.060061,0.088079
q_ind_127_pop_2,0.102218,0.102213,0.086985,0.117654
q_ind_128_pop_2,0.058708,0.058589,0.046021,0.072140
q_ind_129_pop_2,0.041156,0.041033,0.030246,0.053009
q_ind_130_pop_2,0.064298,0.064233,0.051219,0.077993
q_ind_131_pop_2,0.075476,0.075306,0.062144,0.089762
q_ind_132_pop_2,0.091555,0.091448,0.077104,0.106551
q_ind_133_pop_2,0.096214,0.096120,0.081347,0.111306
q_ind_134_pop_2,0.143148,0.143076,0.128109,0.158932
q_ind_135_pop_2,0.080934,0.080950,0.066122,0.095709
q_ind_136_pop_2,0.043013,0.042812,0.030778,0.056588
q_ind_137_pop_2,0.058833,0.058674,0.044956,0.073012
q_ind_138_pop_2,0.065676,0.065477,0.052266,0.080273
q_ind_139_pop_2,0.072570,0.072437,0.058166,0.087053
q_ind_140_pop_2,0.124149,0.124068,0.108486,0.140066
q_ind_141_pop_2,0.045648,0.045540,0.032919,0.058925
q_ind_142_pop_2,0.048709,0.048498,0.035712,0.062824
q_ind_143_pop_2,0.033227,0.033040,0.022462,0.045326
q_ind_144_pop_2,0.063687,0.063596,0.049900,0.077978
q_ind_145_pop_2,0.072775,0.072742,0.058363,0.087179
q_ind_146_pop_2,0.066363,0.066219,0.053162,0.080354
q_ind_147_pop_2,0.074985,0.074829,0.059259,0.091924
q_ind_148_pop_2,0.063518,0.063328,0.048441,0.079533
q_ind_149_pop_2,0.046021,0.045758,0.033170,0.060081
q_ind_150_pop_2,0.087450,0.087297,0.071691,0.103957
q_ind_151_pop_2,0.054870,0.054635,0.041758,0.069024
q_ind_152_pop_2,0.065962,0.065814,0.052012,0.081083
q_ind_153_pop_2,0.075540,0.075307,0.059669,0.092467
q_ind_154_pop_2,0.088089,0.087895,0.070098,0.107013
q_ind_155_pop_2,0.038648,0.038483,0.026964,0.051400
q_ind_156_pop_2,0.106352,0.106259,0.090076,0.123049
q_ind_157_pop_2,0.060412,0.060144,0.045996,0.076232
q_ind_158_pop_2,0.054785,0.054480,0.040596,0.070052
q_ind_159_pop_2,0.654925,0.654924,0.635642,0.674931
q_ind_160_pop_2,0.669080,0.669074,0.649313,0.688656
q_ind_161_pop_2,0.526084,0.526099,0.504123,0.548100
q_ind_162_pop_2,0.515594,0.515657,0.495012,0.535702
q_ind_163_pop_2,0.670812,0.670902,0.650214,0.690924
q_ind_164_pop_2,0.636239,0.636203,0.616371,0.655782
q_ind_165_pop_2,0.641880,0.641950,0.622161,0.661618
q_ind_166_pop_2,0.684417,0.684415,0.664869,0.704247
q_ind_167_pop_2,0.643642,0.643879,0.620996,0.665022
q_ind_168_pop_2,0.625930,0.626093,0.606164,0.644907
q_ind_169_pop_2,0.587060,0.587067,0.567022,0.606682
q_ind_170_pop_2,0.672640,0.672821,0.652602,0.691713
q_ind_171_pop_2,0.036075,0.035845,0.024903,0.048480
q_ind_172_pop_2,0.058461,0.058340,0.044962,0.072076
q_ind_173_pop_2,0.048030,0.047974,0.035181,0.061224
q_ind_174_pop_2,0.057337,0.057222,0.044222,0.071148
q_ind_175_pop_2,0.046785,0.046655,0.035097,0.059519
q_ind_176_pop_2,0.048163,0.048033,0.035952,0.061293
q_ind_177_pop_2,0.054467,0.054365,0.041700,0.067477
q_ind_178_pop_2,0.106703,0.106587,0.092746,0.121039
q_ind_179_pop_2,0.053046,0.052965,0.040305,0.066129
q_ind_180_pop_2,0.060276,0.060248,0.047121,0.073595
q_ind_181_pop_2,0.044367,0.044176,0.032417,0.057381
q_ind_182_pop_2,0.037757,0.037619,0.026190,0.049715
q_ind_183_pop_2,0.077712,0.077632,0.063908,0.091921
q_ind_184_pop_2,0.068624,0.068494,0.053658,0.084686
q_ind_185_pop_2,0.138930,0.138773,0.123933,0.154549
q_ind_186_pop_2,0.089902,0.089869,0.076864,0.103182
q_ind_187_pop_2,0.067305,0.067289,0.052505,0.082418
q_ind_188_pop_2,0.068163,0.067933,0.052698,0.084645
q_ind_189_pop_2,0.049796,0.049638,0.036005,0.064508
q_ind_190_pop_2,0.073165,0.072951,0.057635,0.089964
q_ind_191_pop_2,0.060134,0.059966,0.045560,0.075574
q_ind_192_pop_2,0.063822,0.063771,0.048976,0.079036
q_ind_193_pop_2,0.073915,0.073932,0.058982,0.088675
q_ind_194_pop_2,0.059530,0.059324,0.045357,0.074981
q_ind_195_pop_2,0.403896,0.403947,0.384233,0.423294
q_ind_196_pop_2,0.458609,0.458647,0.440425,0.476952
q_ind_197_pop_2,0.490928,0.490891,0.472265,0.509828
q_ind_198_pop_2,0.323592,0.323654,0.306350,0.340868
q_ind_199_pop_2,0.439658,0.439781,0.420393,0.458552
q_ind_200_pop_2,0.410021,0.410091,0.390094,0.429792
q_ind_201_pop_2,0.465082,0.465042,0.446259,0.484284
q_ind_202_pop_2,0.311542,0.311535,0.294985,0.328109
q_ind_203_pop_2,0.485028,0.485102,0.465920,0.504123
q_ind_204_pop_2,0.461019,0.460928,0.442068,0.480621
q_ind_205_pop_2,0.450818,0.450842,0.432009,0.469657
q_ind_206_pop_2,0.045026,0.044882,0.035506,0.055173
q_ind_207_pop_2,0.035935,0.035891,0.027686,0.044507
q_ind_208_pop_2,0.025748,0.025618,0.019201,0.032862
q_ind_209_pop_2,0.031821,0.031755,0.024173,0.040049
q_ind_210_pop_2,0.025029,0.024914,0.018853,0.031661
q_ind_211_pop_2,0.050547,0.050441,0.040816,0.060902
q_ind_212_pop_2,0.023310,0.023223,0.017006,0.030200
q_ind_213_pop_2,0.021112,0.021012,0.015179,0.027463
q_ind_214_pop_2,0.023934,0.023815,0.017434,0.030885
q_ind_215_pop_2,0.016731,0.016637,0.011461,0.022548
q_ind_216_pop_2,0.023775,0.023665,0.017399,0.030589
q_ind_217_pop_2,0.018843,0.018778,0.013148,0.024905
q_ind_218_pop_2,0.349305,0.349236,0.327292,0.371334
q_ind_219_pop_2,0.329479,0.329389,0.308038,0.351522
q_ind_220_pop_2,0.358846,0.358862,0.337882,0.379841
q_ind_221_pop_2,0.237213,0.237118,0.217608,0.256976
q_ind_222_pop_2,0.356443,0.356369,0.335221,0.378410
q_ind_223_pop_2,0.163299,0.163230,0.147379,0.179487
q_ind_224_pop_2,0.329846,0.329803,0.308697,0.350915
q_ind_225_pop_2,0.329161,0.329180,0.306905,0.350566
q_ind_226_pop_2,0.311326,0.311405,0.289365,0.333194
q_ind_227_pop_2,0.248542,0.248329,0.229363,0.268699
q_ind_228_pop_2,0.360095,0.360139,0.338285,0.381831
q_ind_229_pop_2,0.349752,0.349655,0.328422,0.371145
q_ind_230_pop_2,0.068206,0.068081,0.054584,0.082207
q_ind_231_pop_2,0.076724,0.076635,0.062820,0.091490
q_ind_232_pop_2,0.144732,0.144662,0.129429,0.160425
q_ind_233_pop_2,0.053781,0.053687,0.041112,0.067241
q_ind_234_pop_2,0.063506,0.063453,0.049461,0.077867
q_ind_235_pop_2,0.073145,0.073100,0.059063,0.088207
q_ind_236_pop_2,0.077600,0.077492,0.063584,0.091957
q_ind_237_pop_2,0.050466,0.050418,0.038657,0.062784
q_ind_238_pop_2,0.058831,0.058715,0.045828,0.072704
q_ind_239_pop_2,0.094065,0.094022,0.079046,0.109136
q_ind_240_pop_2,0.100042,0.099934,0.084385,0.115703
q_ind_241_pop_2,0.054828,0.054679,0.042235,0.068254
q_ind_242_pop_2,0.503256,0.503087,0.484549,0.522388
q_ind_243_pop_2,0.500208,0.500120,0.482115,0.518650
q_ind_244_pop_2,0.529921,0.529777,0.510589,0.550219
q_ind_245_pop_2,0.478345,0.478401,0.459418,0.497450
q_ind_246_pop_2,0.522661,0.522688,0.504321,0.541125
q_ind_247_pop_2,0.515343,0.515335,0.496746,0.533999
q_ind_248_pop_2,0.501857,0.501868,0.483017,0.520376
q_ind_249_pop_2,0.511204,0.511258,0.492009,0.529775
q_ind_250_pop_2,0.512999,0.512858,0.495025,0.531724
q_ind_251_pop_2,0.498599,0.498482,0.480418,0.516941
q_ind_252_pop_2,0.514532,0.514338,0.496116,0.533786
q_ind_253_pop_2,0.307437,0.307634,0.288591,0.326165
q_ind_254_pop_2,0.322654,0.322713,0.304307,0.340561
q_ind_255_pop_2,0.323734,0.323832,0.304042,0.342814
q_ind_256_pop_2,0.366883,0.366827,0.348016,0.386276
q_ind_257_pop_2,0.257776,0.257893,0.239002,0.275997
q_ind_258_pop_2,0.295060,0.295054,0.276369,0.313492
q_ind_259_pop_2,0.302784,0.302778,0.284343,0.321292
q_ind_260_pop_2,0.357965,0.358002,0.338843,0.377003
q_ind_261_pop_2,0.360428,0.360469,0.341152,0.379875
q_ind_262_pop_2,0.934082,0.934109,0.923175,0.944585
q_ind_263_pop_2,0.936697,0.936731,0.926463,0.946467
q_ind_264_pop_2,0.928099,0.928145,0.917540,0.938117
q_ind_265_pop_2,0.932319,0.932343,0.922279,0.942323
q_ind_266_pop_2,0.927415,0.927437,0.917744,0.936916
q_ind_267_pop_2,0.947276,0.947349,0.938031,0.955868
q_ind_268_pop_2,0.929107,0.929210,0.919355,0.938056
q_ind_269_pop_2,0.912974,0.913071,0.902423,0.923069
q_ind_270_pop_2,0.930895,0.930985,0.921548,0.939844
q_ind_271_pop_2,0.939498,0.939581,0.930128,0.948469
q_ind_0_pop_3,0.132164,0.132258,0.106991,0.157704
q_ind_1_pop_3,0.095845,0.095682,0.076189,0.116555
q_ind_2_pop_3,0.091560,0.091367,0.066961,0.116989
q_ind_3_pop_3,0.068797,0.068652,0.048936,0.089453
q_ind_4_pop_3,0.080874,0.080816,0.062446,0.099914
q_ind_5_pop_3,0.079675,0.079360,0.057539,0.103644
q_ind_6_pop_3,0.097013,0.096883,0.077335,0.117440
q_ind_7_pop_3,0.075845,0.075737,0.056020,0.096708
q_ind_8_pop_3,0.094920,0.094596,0.074661,0.115984
q_ind_9_pop_3,0.074444,0.074218,0.055650,0.094633
q_ind_10_pop_3,0.095378,0.095365,0.075639,0.115952
q_ind_11_pop_3,0.099071,0.098834,0.079867,0.119728
q_ind_12_pop_3,0.238337,0.238255,0.217297,0.259849
q_ind_13_pop_3,0.000336,0.000037,0.000000,0.002490
q_ind_14_pop_3,0.000415,0.000053,0.000000,0.002977
q_ind_15_pop_3,0.000543,0.000075,0.000000,0.003785
q_ind_16_pop_3,0.000575,0.000067,0.000000,0.004138
q_ind_17_pop_3,0.000420,0.000050,0.000000,0.003057
q_ind_18_pop_3,0.002197,0.000749,0.000000,0.010656
q_ind_19_pop_3,0.000612,0.000087,0.000000,0.004238
q_ind_20_pop_3,0.705537,0.705700,0.675742,0.734483
q_ind_21_pop_3,0.998441,0.999101,0.993099,0.999994
q_ind_22_pop_3,0.993575,0.993968,0.985209,0.999598
q_ind_23_pop_3,0.999100,0.999506,0.996036,0.999997
q_ind_24_pop_3,0.998671,0.999256,0.994381,0.999996
q_ind_25_pop_3,0.998490,0.999090,0.993866,0.999992
q_ind_26_pop_3,0.998642,0.999214,0.994169,0.999994
q_ind_27_pop_3,0.999118,0.999514,0.996071,0.999997
q_ind_28_pop_3,0.985536,0.985440,0.972174,0.999107
q_ind_29_pop_3,0.848149,0.848317,0.823741,0.872699
q_ind_30_pop_3,0.999206,0.999575,0.996368,0.999997
q_ind_31_pop_3,0.999052,0.999499,0.995574,0.999997
q_ind_32_pop_3,0.000150,0.000017,0.000000,0.001150
q_ind_33_pop_3,0.000248,0.000028,0.000000,0.001866
q_ind_34_pop_3,0.000186,0.000021,0.000000,0.001348
q_ind_35_pop_3,0.210700,0.210727,0.188254,0.233458
q_ind_36_pop_3,0.000135,0.000016,0.000000,0.001002
q_ind_37_pop_3,0.000351,0.000044,0.000000,0.002494
q_ind_38_pop_3,0.000282,0.000034,0.000000,0.002060
q_ind_39_pop_3,0.000437,0.000065,0.000000,0.002827
q_ind_40_pop_3,0.000195,0.000022,0.000000,0.001504
q_ind_41_pop_3,0.000525,0.000065,0.000000,0.003759
q_ind_42_pop_3,0.005709,0.005364,0.000000,0.015255
q_ind_43_pop_3,0.000255,0.000029,0.000000,0.001951
q_ind_44_pop_3,0.994378,0.996131,0.979700,0.999964
q_ind_45_pop_3,0.970053,0.970284,0.950677,0.988134
q_ind_46_pop_3,0.961679,0.961964,0.944026,0.977670
q_ind_47_pop_3,0.996947,0.998406,0.986775,0.999992
q_ind_48_pop_3,0.997529,0.998560,0.989409,0.999990
q_ind_49_pop_3,0.992501,0.994827,0.974376,0.999965
q_ind_50_pop_3,0.992004,0.993510,0.975909,0.999880
q_ind_51_pop_3,0.985895,0.985822,0.970877,0.999360
q_ind_52_pop_3,0.995505,0.996941,0.983807,0.999979
q_ind_53_pop_3,0.992388,0.994880,0.971811,0.999969
q_ind_54_pop_3,0.981490,0.981909,0.958184,0.999626
q_ind_55_pop_3,0.990032,0.990923,0.973840,0.999866
q_ind_56_pop_3,0.000247,0.000030,0.000000,0.001749
q_ind_57_pop_3,0.000393,0.000047,0.000000,0.002884
q_ind_58_pop_3,0.000150,0.000018,0.000000,0.001107
q_ind_59_pop_3,0.000198,0.000023,0.000000,0.001511
q_ind_60_pop_3,0.000157,0.000019,0.000000,0.001206
q_ind_61_pop_3,0.000346,0.000042,0.000000,0.002445
q_ind_62_pop_3,0.000165,0.000019,0.000000,0.001226
q_ind_63_pop_3,0.000123,0.000015,0.000000,0.000914
q_ind_64_pop_3,0.000214,0.000026,0.000000,0.001552
q_ind_65_pop_3,0.000159,0.000017,0.000000,0.001169
q_ind_66_pop_3,0.000202,0.000024,0.000000,0.001480
q_ind_67_pop_3,0.000167,0.000020,0.000000,0.001235
q_ind_68_pop_3,0.997234,0.998493,0.987871,0.999992
q_ind_69_pop_3,0.682044,0.682152,0.657124,0.706614
q_ind_70_pop_3,0.569346,0.569442,0.541894,0.595924
q_ind_71_pop_3,0.997349,0.998494,0.989446,0.999989
q_ind_72_pop_3,0.998849,0.999405,0.994615,0.999996
q_ind_73_pop_3,0.997885,0.998945,0.990265,0.999993
q_ind_74_pop_3,0.991136,0.991413,0.980199,0.999755
q_ind_75_pop_3,0.996696,0.998138,0.987105,0.999987
q_ind_76_pop_3,0.992430,0.993070,0.980227,0.999920
q_ind_77_pop_3,0.998570,0.999223,0.993621,0.999995
q_ind_78_pop_3,0.889383,0.889452,0.871783,0.906497
q_ind_79_pop_3,0.998710,0.999299,0.994067,0.999995
q_ind_80_pop_3,0.999132,0.999521,0.996043,0.999996
q_ind_81_pop_3,0.998818,0.999325,0.994860,0.999996
q_ind_82_pop_3,0.998746,0.999297,0.994452,0.999996
q_ind_83_pop_3,0.998082,0.998826,0.992513,0.999991
q_ind_84_pop_3,0.910221,0.910376,0.889209,0.930248
q_ind_85_pop_3,0.992284,0.993883,0.976541,0.999945
q_ind_86_pop_3,0.997556,0.998181,0.991635,0.999985
q_ind_87_pop_3,0.998804,0.999329,0.994603,0.999995
q_ind_88_pop_3,0.932366,0.932489,0.912919,0.950851
q_ind_89_pop_3,0.997740,0.998453,0.991798,0.999989
q_ind_90_pop_3,0.999020,0.999463,0.995671,0.999997
q_ind_91_pop_3,0.998985,0.999476,0.995301,0.999997
q_ind_92_pop_3,0.998686,0.999297,0.993832,0.999996
q_ind_93_pop_3,0.996543,0.997666,0.987169,0.999982
q_ind_94_pop_3,0.999023,0.999483,0.995476,0.999997
q_ind_95_pop_3,0.999067,0.999503,0.995740,0.999997
q_ind_96_pop_3,0.997940,0.998701,0.991739,0.999990
q_ind_97_pop_3,0.997871,0.998815,0.991058,0.999993
q_ind_98_pop_3,0.998796,0.999341,0.994651,0.999996
q_ind_99_pop_3,0.840618,0.840603,0.819649,0.861702
q_ind_100_pop_3,0.036609,0.036490,0.026935,0.046929
q_ind_101_pop_3,0.055937,0.055794,0.045165,0.067448
q_ind_102_pop_3,0.040504,0.040426,0.030404,0.051014
q_ind_103_pop_3,0.050418,0.050240,0.039428,0.062250
q_ind_104_pop_3,0.044388,0.044245,0.033945,0.055840
q_ind_105_pop_3,0.057090,0.056990,0.045590,0.069115
q_ind_106_pop_3,0.039510,0.039383,0.029487,0.050444
q_ind_107_pop_3,0.046673,0.046501,0.036212,0.058015
q_ind_108_pop_3,0.067268,0.067208,0.055501,0.079337
q_ind_109_pop_3,0.054669,0.054488,0.043549,0.066802
q_ind_110_pop_3,0.045620,0.045535,0.035119,0.056867
q_ind_111_pop_3,0.054281,0.054171,0.043256,0.066067
q_ind_112_pop_3,0.017589,0.017460,0.011517,0.024325
q_ind_113_pop_3,0.060945,0.060919,0.050955,0.071406
q_ind_114_pop_3,0.024688,0.024574,0.017760,0.032457
q_ind_115_pop_3,0.023250,0.023125,0.016519,0.030686
q_ind_116_pop_3,0.039110,0.039018,0.030205,0.048394
q_ind_117_pop_3,0.027367,0.027259,0.019831,0.035471
q_ind_118_pop_3,0.014387,0.014243,0.009035,0.020648
q_ind_119_pop_3,0.020495,0.020363,0.014239,0.027546
q_ind_120_pop_3,0.032675,0.032572,0.024707,0.041006
q_ind_121_pop_3,0.024671,0.024557,0.017557,0.032589
q_ind_122_pop_3,0.034905,0.034800,0.026724,0.043687
q_ind_123_pop_3,0.014318,0.014209,0.009225,0.020161
q_ind_124_pop_3,0.067477,0.067405,0.056854,0.078479
q_ind_125_pop_3,0.031930,0.031789,0.023998,0.040695
q_ind_126_pop_3,0.035438,0.035294,0.027158,0.044419
q_ind_127_pop_3,0.058281,0.058216,0.048194,0.068914
q_ind_128_pop_3,0.023012,0.022841,0.016308,0.030420
q_ind_129_pop_3,0.013800,0.013685,0.008463,0.019846
q_ind_130_pop_3,0.021696,0.021592,0.015260,0.028772
q_ind_131_pop_3,0.042216,0.042173,0.033204,0.051617
q_ind_132_pop_3,0.047657,0.047580,0.038194,0.057700
q_ind_133_pop_3,0.060553,0.060407,0.050397,0.071505
q_ind_134_pop_3,0.138052,0.138048,0.125070,0.151359
q_ind_135_pop_3,0.123075,0.123037,0.109662,0.136851
q_ind_136_pop_3,0.116163,0.116196,0.102365,0.130033
q_ind_137_pop_3,0.112379,0.112234,0.099210,0.126165
q_ind_138_pop_3,0.105621,0.105621,0.092709,0.118887
q_ind_139_pop_3,0.127602,0.127589,0.113884,0.141613
q_ind_140_pop_3,0.134775,0.134695,0.121313,0.148730
q_ind_141_pop_3,0.107662,0.107542,0.094609,0.121037
q_ind_142_pop_3,0.099522,0.099409,0.086616,0.112786
q_ind_143_pop_3,0.134115,0.134146,0.119987,0.148193
q_ind_144_pop_3,0.139587,0.139579,0.125837,0.153784
q_ind_145_pop_3,0.128578,0.128585,0.114775,0.142169
q_ind_146_pop_3,0.114452,0.114401,0.101437,0.127837
q_ind_147_pop_3,0.623770,0.623888,0.603748,0.642928
q_ind_148_pop_3,0.610146,0.610148,0.591403,0.629292
q_ind_149_pop_3,0.735694,0.735679,0.718390,0.752763
q_ind_150_pop_3,0.450040,0.450044,0.431277,0.468973
q_ind_151_pop_3,0.705604,0.705665,0.687374,0.723324
q_ind_152_pop_3,0.586517,0.586568,0.567798,0.604945
q_ind_153_pop_3,0.564800,0.564871,0.545190,0.584386
q_ind_154_pop_3,0.552781,0.552853,0.531559,0.573583
q_ind_155_pop_3,0.782608,0.782663,0.766003,0.798665
q_ind_156_pop_3,0.514683,0.514607,0.496639,0.532801
q_ind_157_pop_3,0.714146,0.714313,0.694827,0.732753
q_ind_158_pop_3,0.651642,0.651710,0.633023,0.670079
q_ind_159_pop_3,0.014019,0.013904,0.009037,0.019630
q_ind_160_pop_3,0.011281,0.011189,0.006944,0.016334
q_ind_161_pop_3,0.032829,0.032708,0.025050,0.041326
q_ind_162_pop_3,0.037127,0.037009,0.028993,0.045861
q_ind_163_pop_3,0.014103,0.013995,0.009163,0.019806
q_ind_164_pop_3,0.018245,0.018124,0.012470,0.024701
q_ind_165_pop_3,0.019365,0.019239,0.013327,0.026016
q_ind_166_pop_3,0.011436,0.011301,0.006984,0.016617
q_ind_167_pop_3,0.016779,0.016657,0.011037,0.023119
q_ind_168_pop_3,0.018720,0.018606,0.012839,0.025217
q_ind_169_pop_3,0.030127,0.030002,0.022824,0.038131
q_ind_170_pop_3,0.011675,0.011559,0.007159,0.016858
q_ind_171_pop_3,0.099172,0.099150,0.086832,0.111808
q_ind_172_pop_3,0.113299,0.113221,0.100058,0.126878
q_ind_173_pop_3,0.118327,0.118229,0.104900,0.132363
q_ind_174_pop_3,0.104613,0.104538,0.091623,0.117780
q_ind_175_pop_3,0.108677,0.108665,0.095563,0.122035
q_ind_176_pop_3,0.127575,0.127536,0.113873,0.141487
q_ind_177_pop_3,0.121383,0.121356,0.108372,0.134804
q_ind_178_pop_3,0.188645,0.188582,0.174875,0.202683
q_ind_179_pop_3,0.101672,0.101701,0.089000,0.114313
q_ind_180_pop_3,0.101873,0.101806,0.089107,0.114978
q_ind_181_pop_3,0.096599,0.096456,0.084121,0.109917
q_ind_182_pop_3,0.103292,0.103203,0.090403,0.116654
q_ind_183_pop_3,0.348765,0.348782,0.332178,0.365466
q_ind_184_pop_3,0.448235,0.448340,0.429219,0.466869
q_ind_185_pop_3,0.361256,0.361242,0.345029,0.377467
q_ind_186_pop_3,0.300368,0.300426,0.285260,0.315389
q_ind_187_pop_3,0.413327,0.413272,0.394243,0.432512
q_ind_188_pop_3,0.500121,0.500186,0.480029,0.519453
q_ind_189_pop_3,0.500758,0.500732,0.481491,0.519908
q_ind_190_pop_3,0.480383,0.480415,0.460364,0.500024
q_ind_191_pop_3,0.460420,0.460442,0.441126,0.479443
q_ind_192_pop_3,0.457348,0.457322,0.438417,0.476374
q_ind_193_pop_3,0.417915,0.417860,0.399898,0.436158
q_ind_194_pop_3,0.472338,0.472328,0.453103,0.491833
q_ind_195_pop_3,0.040561,0.040483,0.032341,0.049418
q_ind_196_pop_3,0.024223,0.024093,0.017874,0.031157
q_ind_197_pop_3,0.027308,0.027200,0.020595,0.034570
q_ind_198_pop_3,0.178828,0.178804,0.165879,0.192107
q_ind_199_pop_3,0.035420,0.035301,0.027713,0.043718
q_ind_200_pop_3,0.040425,0.040322,0.032267,0.049162
q_ind_201_pop_3,0.030074,0.029983,0.022927,0.037692
q_ind_202_pop_3,0.129690,0.129676,0.118097,0.141446
q_ind_203_pop_3,0.025643,0.025563,0.018990,0.032894
q_ind_204_pop_3,0.030750,0.030631,0.023485,0.038576
q_ind_205_pop_3,0.025442,0.025340,0.019051,0.032375
q_ind_206_pop_3,0.023765,0.023693,0.017885,0.030000
q_ind_207_pop_3,0.023255,0.023201,0.017484,0.029422
q_ind_208_pop_3,0.016092,0.016019,0.011527,0.021024
q_ind_209_pop_3,0.017305,0.017254,0.012340,0.022592
q_ind_210_pop_3,0.013575,0.013511,0.009436,0.018103
q_ind_211_pop_3,0.045184,0.045077,0.037655,0.053263
q_ind_212_pop_3,0.015139,0.015059,0.010868,0.019807
q_ind_213_pop_3,0.013804,0.013745,0.009699,0.018312
q_ind_214_pop_3,0.015725,0.015659,0.011231,0.020621
q_ind_215_pop_3,0.013866,0.013795,0.009880,0.018213
q_ind_216_pop_3,0.012847,0.012789,0.008650,0.017464
q_ind_217_pop_3,0.013031,0.012954,0.009062,0.017432
q_ind_218_pop_3,0.140331,0.140212,0.125400,0.155932
q_ind_219_pop_3,0.150140,0.150162,0.134993,0.165476
q_ind_220_pop_3,0.154356,0.154284,0.139190,0.169896
q_ind_221_pop_3,0.182964,0.182993,0.167027,0.198756
q_ind_222_pop_3,0.169076,0.169006,0.153124,0.185098
q_ind_223_pop_3,0.129293,0.129237,0.116538,0.142194
q_ind_224_pop_3,0.173465,0.173516,0.157482,0.189553
q_ind_225_pop_3,0.143003,0.142922,0.127742,0.158690
q_ind_226_pop_3,0.155085,0.155170,0.138991,0.170935
q_ind_227_pop_3,0.171408,0.171340,0.156492,0.186733
q_ind_228_pop_3,0.179170,0.179039,0.163736,0.195447
q_ind_229_pop_3,0.162407,0.162383,0.146159,0.178528
q_ind_230_pop_3,0.040567,0.040492,0.031225,0.050248
q_ind_231_pop_3,0.045637,0.045564,0.035872,0.055580
q_ind_232_pop_3,0.105772,0.105707,0.093726,0.118127
q_ind_233_pop_3,0.026928,0.026812,0.018929,0.035630
q_ind_234_pop_3,0.036239,0.036084,0.027244,0.045771
q_ind_235_pop_3,0.036656,0.036499,0.027621,0.046481
q_ind_236_pop_3,0.058769,0.058678,0.048262,0.069837
q_ind_237_pop_3,0.024213,0.024039,0.016690,0.032747
q_ind_238_pop_3,0.029622,0.029531,0.021369,0.038418
q_ind_239_pop_3,0.074795,0.074689,0.063416,0.086642
q_ind_240_pop_3,0.072340,0.072255,0.060999,0.084109
q_ind_241_pop_3,0.022883,0.022738,0.015858,0.030708
q_ind_242_pop_3,0.488983,0.489029,0.469904,0.507828
q_ind_243_pop_3,0.498434,0.498456,0.480291,0.516700
q_ind_244_pop_3,0.465969,0.466065,0.445922,0.485342
q_ind_245_pop_3,0.518905,0.518813,0.499945,0.537725
q_ind_246_pop_3,0.473888,0.473897,0.455286,0.492450
q_ind_247_pop_3,0.484377,0.484404,0.465663,0.502970
q_ind_248_pop_3,0.493930,0.493846,0.475488,0.512868
q_ind_249_pop_3,0.484621,0.484548,0.466161,0.503798
q_ind_250_pop_3,0.486398,0.486507,0.467879,0.504199
q_ind_251_pop_3,0.498822,0.498925,0.480561,0.517029
q_ind_252_pop_3,0.477962,0.478080,0.458925,0.496565
q_ind_253_pop_3,0.692303,0.692127,0.673665,0.711134
q_ind_254_pop_3,0.676859,0.676788,0.658827,0.695262
q_ind_255_pop_3,0.676028,0.675941,0.656921,0.695692
q_ind_256_pop_3,0.632871,0.632920,0.613555,0.651669
q_ind_257_pop_3,0.741776,0.741690,0.723539,0.760584
q_ind_258_pop_3,0.704519,0.704531,0.686054,0.723141
q_ind_259_pop_3,0.696890,0.696888,0.678395,0.715315
q_ind_260_pop_3,0.641755,0.641712,0.622677,0.660850
q_ind_261_pop_3,0.639300,0.639248,0.619907,0.658622
q_ind_262_pop_3,0.040842,0.040717,0.032724,0.049578
q_ind_263_pop_3,0.034362,0.034337,0.026953,0.042117
q_ind_264_pop_3,0.040271,0.040222,0.032184,0.048681
q_ind_265_pop_3,0.035508,0.035406,0.027893,0.043728
q_ind_266_pop_3,0.023885,0.023766,0.017849,0.030342
q_ind_267_pop_3,0.027141,0.027016,0.021190,0.033775
q_ind_268_pop_3,0.030366,0.030255,0.023915,0.037262
q_ind_269_pop_3,0.022004,0.021932,0.016485,0.027915
q_ind_270_pop_3,0.019856,0.019780,0.014852,0.025293
q_ind_271_pop_3,0.031504,0.031427,0.025141,0.038349
