param,mean,median,ci_0.950_LB,ci_0.950_UB
q_ind_0_pop_0,0.093005,0.093084,0.076932,0.108558
q_ind_1_pop_0,0.000023,0.000000,0.000000,0.000220
q_ind_2_pop_0,0.000025,0.000000,0.000000,0.000242
q_ind_3_pop_0,0.000018,0.000000,0.000000,0.000173
q_ind_4_pop_0,0.000022,0.000000,0.000000,0.000209
q_ind_5_pop_0,0.034071,0.034045,0.023507,0.044746
q_ind_6_pop_0,0.000023,0.000000,0.000000,0.000220
q_ind_7_pop_0,0.000020,0.000000,0.000000,0.000195
q_ind_8_pop_0,0.000025,0.000000,0.000000,0.000245
q_ind_9_pop_0,0.000059,0.000000,0.000000,0.000563
q_ind_10_pop_0,0.000019,0.000000,0.000000,0.000187
q_ind_11_pop_0,0.000080,0.000001,0.000000,0.000779
q_ind_12_pop_0,0.000063,0.000000,0.000000,0.000597
q_ind_13_pop_0,0.000066,0.000000,0.000000,0.000645
q_ind_14_pop_0,0.053901,0.053906,0.038239,0.069238
q_ind_15_pop_0,0.000559,0.000005,0.000000,0.005157
q_ind_16_pop_0,0.012261,0.012318,0.000000,0.029598
q_ind_17_pop_0,0.000147,0.000001,0.000000,0.001455
q_ind_18_pop_0,0.000168,0.000001,0.000000,0.001611
q_ind_19_pop_0,0.007207,0.000033,0.000000,0.038525
q_ind_20_pop_0,0.021371,0.020483,0.000524,0.042726
q_ind_21_pop_0,0.008645,0.000094,0.000000,0.042197
q_ind_22_pop_0,0.049594,0.049601,0.034541,0.064229
q_ind_23_pop_0,0.054401,0.054364,0.040696,0.068660
q_ind_24_pop_0,0.094735,0.094763,0.078922,0.110002
q_ind_25_pop_0,0.000146,0.000001,0.000000,0.001402
q_ind_26_pop_0,0.071543,0.071587,0.055398,0.087770
q_ind_27_pop_0,0.046372,0.046336,0.032696,0.060190
q_ind_28_pop_0,0.060880,0.060927,0.045191,0.076487
q_ind_29_pop_0,0.089092,0.089169,0.074517,0.103484
q_ind_30_pop_0,0.063323,0.063283,0.047715,0.079199
q_ind_31_pop_0,0.062181,0.062153,0.044707,0.080026
q_ind_32_pop_0,0.090551,0.090573,0.074858,0.106047
q_ind_33_pop_0,0.057264,0.057313,0.042466,0.071963
q_ind_34_pop_0,0.023060,0.023041,0.004250,0.039948
q_ind_35_pop_0,0.044221,0.044276,0.029811,0.058256
q_ind_36_pop_0,0.000601,0.000005,0.000000,0.005566
q_ind_37_pop_0,0.001189,0.000016,0.000000,0.009664
q_ind_38_pop_0,0.037676,0.038107,0.019378,0.053996
q_ind_39_pop_0,0.000970,0.000013,0.000000,0.008034
q_ind_40_pop_0,0.000032,0.000000,0.000000,0.000314
q_ind_41_pop_0,0.000052,0.000000,0.000000,0.000500
q_ind_42_pop_0,0.000035,0.000000,0.000000,0.000351
q_ind_43_pop_0,0.062088,0.062063,0.048537,0.075677
q_ind_44_pop_0,0.060974,0.060995,0.045956,0.075671
q_ind_45_pop_0,0.087514,0.087484,0.071990,0.103162
q_ind_46_pop_0,0.055575,0.055559,0.039424,0.071574
q_ind_47_pop_0,0.028083,0.028000,0.015412,0.041168
q_ind_48_pop_0,0.028506,0.028425,0.016447,0.041022
q_ind_49_pop_0,0.025608,0.026183,0.001144,0.041697
q_ind_50_pop_0,0.000098,0.000001,0.000000,0.000925
q_ind_51_pop_0,0.001735,0.000041,0.000000,0.011927
q_ind_52_pop_0,0.024476,0.024525,0.010278,0.038393
q_ind_53_pop_0,0.003417,0.000657,0.000000,0.015832
q_ind_54_pop_0,0.030142,0.030096,0.016901,0.043655
q_ind_55_pop_0,0.030784,0.030799,0.016596,0.044479
q_ind_56_pop_0,0.999767,0.999843,0.999118,0.999996
q_ind_57_pop_0,0.999689,0.999794,0.998814,0.999994
q_ind_58_pop_0,0.999826,0.999882,0.999345,0.999997
q_ind_59_pop_0,0.861435,0.861435,0.850204,0.872424
q_ind_60_pop_0,0.999746,0.999831,0.999019,0.999995
q_ind_61_pop_0,0.999341,0.999560,0.997525,0.999987
q_ind_62_pop_0,0.999816,0.999877,0.999298,0.999997
q_ind_63_pop_0,0.034452,0.034457,0.021222,0.047575
q_ind_64_pop_0,0.999545,0.999700,0.998204,0.999992
q_ind_65_pop_0,0.893801,0.893894,0.883396,0.903905
q_ind_66_pop_0,0.000033,0.000000,0.000000,0.000320
q_ind_67_pop_0,0.000749,0.000007,0.000000,0.006641
q_ind_68_pop_0,0.000042,0.000000,0.000000,0.000407
q_ind_69_pop_0,0.007262,0.005845,0.000000,0.022618
q_ind_70_pop_0,0.000030,0.000000,0.000000,0.000290
q_ind_71_pop_0,0.000723,0.000008,0.000000,0.006575
q_ind_72_pop_0,0.000049,0.000000,0.000000,0.000477
q_ind_73_pop_0,0.000046,0.000000,0.000000,0.000439
q_ind_74_pop_0,0.000021,0.000000,0.000000,0.000206
q_ind_75_pop_0,0.000023,0.000000,0.000000,0.000227
q_ind_76_pop_0,0.000037,0.000000,0.000000,0.000358
q_ind_77_pop_0,0.039984,0.039942,0.026675,0.053780
q_ind_78_pop_0,0.000020,0.000000,0.000000,0.000195
q_ind_79_pop_0,0.000049,0.000000,0.000000,0.000481
q_ind_80_pop_0,0.000021,0.000000,0.000000,0.000205
q_ind_81_pop_0,0.000024,0.000000,0.000000,0.000230
q_ind_82_pop_0,0.097542,0.097550,0.082553,0.112573
q_ind_83_pop_0,0.046611,0.046541,0.033489,0.060153
q_ind_84_pop_0,0.000062,0.000000,0.000000,0.000606
q_ind_85_pop_0,0.072328,0.072211,0.058821,0.086251
q_ind_86_pop_0,0.000030,0.000000,0.000000,0.000281
q_ind_87_pop_0,0.000064,0.000000,0.000000,0.000610
q_ind_88_pop_0,0.000205,0.000002,0.000000,0.001995
q_ind_89_pop_0,0.000030,0.000000,0.000000,0.000295
q_ind_90_pop_0,0.000239,0.000002,0.000000,0.002362
q_ind_91_pop_0,0.000050,0.000000,0.000000,0.000473
q_ind_92_pop_0,0.000039,0.000000,0.000000,0.000375
q_ind_93_pop_0,0.000038,0.000000,0.000000,0.000367
q_ind_94_pop_0,0.000247,0.000002,0.000000,0.002267
q_ind_95_pop_0,0.002634,0.000241,0.000000,0.014009
q_ind_96_pop_0,0.012062,0.012415,0.000000,0.027763
q_ind_97_pop_0,0.066677,0.066751,0.051779,0.081231
q_ind_98_pop_0,0.043038,0.042994,0.029018,0.057161
q_ind_99_pop_0,0.028633,0.028560,0.013324,0.044226
q_ind_100_pop_0,0.000894,0.000012,0.000000,0.007393
q_ind_101_pop_0,0.000428,0.000003,0.000000,0.004045
q_ind_102_pop_0,0.054573,0.054816,0.037273,0.070895
q_ind_103_pop_0,0.037829,0.038125,0.021270,0.053118
q_ind_104_pop_0,0.017487,0.017789,0.000837,0.030799
q_ind_105_pop_0,0.051837,0.051791,0.037869,0.066029
q_ind_106_pop_0,0.034422,0.034409,0.018025,0.050996
q_ind_107_pop_0,0.051160,0.051162,0.036776,0.065528
q_ind_108_pop_0,0.046307,0.046431,0.030085,0.061960
q_ind_109_pop_0,0.045896,0.045910,0.030597,0.060961
q_ind_110_pop_0,0.000026,0.000000,0.000000,0.000255
q_ind_111_pop_0,0.056506,0.056485,0.041463,0.071306
q_ind_112_pop_0,0.000026,0.000000,0.000000,0.000247
q_ind_113_pop_0,0.000027,0.000000,0.000000,0.000260
q_ind_114_pop_0,0.000032,0.000000,0.000000,0.000309
q_ind_115_pop_0,0.058915,0.058866,0.046108,0.071997
q_ind_116_pop_0,0.000041,0.000000,0.000000,0.000399
q_ind_117_pop_0,0.000141,0.000001,0.000000,0.001428
q_ind_118_pop_0,0.021468,0.021469,0.008003,0.034935
q_ind_119_pop_0,0.000454,0.000004,0.000000,0.004382
q_ind_120_pop_0,0.001903,0.000045,0.000000,0.013234
q_ind_121_pop_0,0.000474,0.000004,0.000000,0.004519
q_ind_122_pop_0,0.000562,0.000005,0.000000,0.005018
q_ind_123_pop_0,0.003868,0.000738,0.000000,0.017267
q_ind_124_pop_0,0.023432,0.023630,0.004183,0.039442
q_ind_125_pop_0,0.000133,0.000001,0.000000,0.001369
q_ind_126_pop_0,0.000213,0.000001,0.000000,0.002240
q_ind_127_pop_0,0.001226,0.000020,0.000000,0.009566
q_ind_128_pop_0,0.000213,0.000001,0.000000,0.001881
q_ind_129_pop_0,0.072054,0.072106,0.055535,0.088234
q_ind_130_pop_0,0.002314,0.000102,0.000000,0.013972
q_ind_131_pop_0,0.075138,0.074311,0.060029,0.094178
q_ind_132_pop_0,0.049535,0.049625,0.034740,0.063653
q_ind_133_pop_0,0.076618,0.076622,0.062519,0.090750
q_ind_134_pop_0,0.004235,0.001376,0.000000,0.017979
q_ind_135_pop_0,0.058377,0.058338,0.043818,0.073144
q_ind_136_pop_0,0.001561,0.000035,0.000000,0.011202
q_ind_137_pop_0,0.055422,0.055381,0.041630,0.069570
q_ind_138_pop_0,0.000504,0.000004,0.000000,0.004981
q_ind_139_pop_0,0.000884,0.000012,0.000000,0.007386
q_ind_140_pop_0,0.101498,0.101457,0.087152,0.115980
q_ind_141_pop_0,0.043102,0.043121,0.028218,0.058019
q_ind_142_pop_0,0.000210,0.000001,0.000000,0.002005
q_ind_143_pop_0,0.065490,0.065453,0.051343,0.079852
q_ind_144_pop_0,0.000881,0.000012,0.000000,0.007176
q_ind_145_pop_0,0.000641,0.000005,0.000000,0.005837
q_ind_146_pop_0,0.000909,0.000009,0.000000,0.007898
q_ind_147_pop_0,0.009230,0.008294,0.000000,0.027021
q_ind_148_pop_0,0.000637,0.000005,0.000000,0.005993
q_ind_0_pop_1,0.025584,0.026151,0.000013,0.047045
q_ind_1_pop_1,0.000028,0.000000,0.000000,0.000274
q_ind_2_pop_1,0.000028,0.000000,0.000000,0.000276
q_ind_3_pop_1,0.000020,0.000000,0.000000,0.000191
q_ind_4_pop_1,0.000024,0.000000,0.000000,0.000247
q_ind_5_pop_1,0.000262,0.000002,0.000000,0.002628
q_ind_6_pop_1,0.000025,0.000000,0.000000,0.000237
q_ind_7_pop_1,0.000025,0.000000,0.000000,0.000236
q_ind_8_pop_1,0.000027,0.000000,0.000000,0.000265
q_ind_9_pop_1,0.000034,0.000000,0.000000,0.000325
q_ind_10_pop_1,0.000024,0.000000,0.000000,0.000235
q_ind_11_pop_1,0.003087,0.000021,0.000000,0.026345
q_ind_12_pop_1,0.011479,0.008414,0.000000,0.037270
q_ind_13_pop_1,0.002030,0.000010,0.000000,0.019465
q_ind_14_pop_1,0.052772,0.052507,0.032233,0.074460
q_ind_15_pop_1,0.061834,0.061645,0.043377,0.081039
q_ind_16_pop_1,0.091347,0.091293,0.070526,0.112918
q_ind_17_pop_1,0.036859,0.037056,0.015175,0.056526
q_ind_18_pop_1,0.070217,0.070353,0.050704,0.089337
q_ind_19_pop_1,0.007809,0.000564,0.000000,0.039447
q_ind_20_pop_1,0.001626,0.000035,0.000000,0.012367
q_ind_21_pop_1,0.008022,0.000760,0.000000,0.038819
q_ind_22_pop_1,0.008475,0.005250,0.000000,0.030207
q_ind_23_pop_1,0.103720,0.103750,0.085185,0.122164
q_ind_24_pop_1,0.002203,0.000081,0.000000,0.014702
q_ind_25_pop_1,0.025337,0.025699,0.000031,0.045762
q_ind_26_pop_1,0.000301,0.000002,0.000000,0.002933
q_ind_27_pop_1,0.048794,0.048802,0.030480,0.067187
q_ind_28_pop_1,0.000379,0.000003,0.000000,0.003545
q_ind_29_pop_1,0.020490,0.021526,0.000000,0.043271
q_ind_30_pop_1,0.058440,0.058452,0.037978,0.079281
q_ind_31_pop_1,0.075268,0.075510,0.051010,0.098846
q_ind_32_pop_1,0.021284,0.022884,0.000000,0.043017
q_ind_33_pop_1,0.069190,0.069142,0.050043,0.088362
q_ind_34_pop_1,0.085671,0.085542,0.067828,0.104388
q_ind_35_pop_1,0.003150,0.000117,0.000000,0.019470
q_ind_36_pop_1,0.000188,0.000001,0.000000,0.001855
q_ind_37_pop_1,0.004360,0.000538,0.000000,0.021106
q_ind_38_pop_1,0.004084,0.000272,0.000000,0.023222
q_ind_39_pop_1,0.002957,0.000074,0.000000,0.021020
q_ind_40_pop_1,0.000040,0.000000,0.000000,0.000387
q_ind_41_pop_1,0.000058,0.000000,0.000000,0.000575
q_ind_42_pop_1,0.000051,0.000000,0.000000,0.000492
q_ind_43_pop_1,0.082199,0.082099,0.064883,0.100262
q_ind_44_pop_1,0.000404,0.000003,0.000000,0.003622
q_ind_45_pop_1,0.009285,0.004285,0.000000,0.034531
q_ind_46_pop_1,0.002632,0.000109,0.000000,0.016980
q_ind_47_pop_1,0.036200,0.036223,0.020165,0.052098
q_ind_48_pop_1,0.008877,0.006299,0.000000,0.029865
q_ind_49_pop_1,0.000807,0.000007,0.000000,0.008013
q_ind_50_pop_1,0.012704,0.011970,0.000000,0.034405
q_ind_51_pop_1,0.058616,0.058608,0.039304,0.078186
q_ind_52_pop_1,0.001210,0.000012,0.000000,0.010542
q_ind_53_pop_1,0.029688,0.029666,0.014849,0.044434
q_ind_54_pop_1,0.037016,0.036952,0.019618,0.054832
q_ind_55_pop_1,0.035724,0.035609,0.016639,0.054564
q_ind_56_pop_1,0.000030,0.000000,0.000000,0.000287
q_ind_57_pop_1,0.000035,0.000000,0.000000,0.000334
q_ind_58_pop_1,0.000022,0.000000,0.000000,0.000217
q_ind_59_pop_1,0.024195,0.024282,0.010467,0.037608
q_ind_60_pop_1,0.000033,0.000000,0.000000,0.000328
q_ind_61_pop_1,0.000097,0.000001,0.000000,0.000985
q_ind_62_pop_1,0.000021,0.000000,0.000000,0.000211
q_ind_63_pop_1,0.081411,0.081405,0.062163,0.100309
q_ind_64_pop_1,0.000048,0.000000,0.000000,0.000453
q_ind_65_pop_1,0.029030,0.029000,0.016855,0.041084
q_ind_66_pop_1,0.000040,0.000000,0.000000,0.000390
q_ind_67_pop_1,0.114449,0.114316,0.094640,0.135346
q_ind_68_pop_1,0.000039,0.000000,0.000000,0.000380
q_ind_69_pop_1,0.019937,0.020139,0.000047,0.037508
q_ind_70_pop_1,0.000035,0.000000,0.000000,0.000331
q_ind_71_pop_1,0.115648,0.115508,0.094426,0.137574
q_ind_72_pop_1,0.000034,0.000000,0.000000,0.000329
q_ind_73_pop_1,0.000084,0.000001,0.000000,0.000796
q_ind_74_pop_1,0.000022,0.000000,0.000000,0.000209
q_ind_75_pop_1,0.000023,0.000000,0.000000,0.000220
q_ind_76_pop_1,0.000042,0.000000,0.000000,0.000393
q_ind_77_pop_1,0.065559,0.065504,0.046217,0.085009
q_ind_78_pop_1,0.000022,0.000000,0.000000,0.000209
q_ind_79_pop_1,0.000033,0.000000,0.000000,0.000320
q_ind_80_pop_1,0.000022,0.000000,0.000000,0.000211
q_ind_81_pop_1,0.000024,0.000000,0.000000,0.000234
q_ind_82_pop_1,0.068068,0.068041,0.050656,0.085209
q_ind_83_pop_1,0.052821,0.052825,0.033513,0.072031
q_ind_84_pop_1,0.999375,0.999585,0.997567,0.999988
q_ind_85_pop_1,0.079645,0.079589,0.059882,0.099062
q_ind_86_pop_1,0.000044,0.000000,0.000000,0.000427
q_ind_87_pop_1,0.999381,0.999581,0.997673,0.999988
q_ind_88_pop_1,0.000535,0.000005,0.000000,0.005148
q_ind_89_pop_1,0.000037,0.000000,0.000000,0.000360
q_ind_90_pop_1,0.000515,0.000004,0.000000,0.004940
q_ind_91_pop_1,0.000065,0.000000,0.000000,0.000636
q_ind_92_pop_1,0.999662,0.999774,0.998698,0.999994
q_ind_93_pop_1,0.000039,0.000000,0.000000,0.000378
q_ind_94_pop_1,0.000175,0.000001,0.000000,0.001680
q_ind_95_pop_1,0.083953,0.083961,0.065479,0.102337
q_ind_96_pop_1,0.035130,0.035080,0.016691,0.054042
q_ind_97_pop_1,0.004964,0.000470,0.000000,0.025876
q_ind_98_pop_1,0.005545,0.001327,0.000000,0.025851
q_ind_99_pop_1,0.000607,0.000005,0.000000,0.005975
q_ind_100_pop_1,0.020922,0.021497,0.000000,0.040799
q_ind_101_pop_1,0.004874,0.000172,0.000000,0.030177
q_ind_102_pop_1,0.000579,0.000004,0.000000,0.005601
q_ind_103_pop_1,0.062737,0.062492,0.042472,0.083904
q_ind_104_pop_1,0.006093,0.000494,0.000000,0.031264
q_ind_105_pop_1,0.023583,0.024507,0.000000,0.043694
q_ind_106_pop_1,0.072603,0.072660,0.051535,0.093803
q_ind_107_pop_1,0.000253,0.000002,0.000000,0.002539
q_ind_108_pop_1,0.000270,0.000002,0.000000,0.002604
q_ind_109_pop_1,0.000415,0.000004,0.000000,0.003897
q_ind_110_pop_1,0.000025,0.000000,0.000000,0.000246
q_ind_111_pop_1,0.044499,0.044313,0.025875,0.063897
q_ind_112_pop_1,0.000030,0.000000,0.000000,0.000294
q_ind_113_pop_1,0.000032,0.000000,0.000000,0.000316
q_ind_114_pop_1,0.000035,0.000000,0.000000,0.000355
q_ind_115_pop_1,0.043666,0.043645,0.027437,0.060265
q_ind_116_pop_1,0.000061,0.000000,0.000000,0.000588
q_ind_117_pop_1,0.043003,0.042809,0.025077,0.061529
q_ind_118_pop_1,0.046173,0.046196,0.026848,0.065283
q_ind_119_pop_1,0.000607,0.000006,0.000000,0.005543
q_ind_120_pop_1,0.043069,0.042992,0.022725,0.063430
q_ind_121_pop_1,0.067316,0.067181,0.046188,0.089149
q_ind_122_pop_1,0.033566,0.033581,0.012666,0.054588
q_ind_123_pop_1,0.089757,0.089596,0.070244,0.109964
q_ind_124_pop_1,0.014686,0.013737,0.000000,0.040374
q_ind_125_pop_1,0.000101,0.000001,0.000000,0.001009
q_ind_126_pop_1,0.000724,0.000002,0.000000,0.009159
q_ind_127_pop_1,0.002189,0.000057,0.000000,0.016566
q_ind_128_pop_1,0.001685,0.000003,0.000000,0.019254
q_ind_129_pop_1,0.000569,0.000004,0.000000,0.005790
q_ind_130_pop_1,0.028672,0.029002,0.007077,0.047097
q_ind_131_pop_1,0.000215,0.000001,0.000000,0.002143
q_ind_132_pop_1,0.000145,0.000001,0.000000,0.001367
q_ind_133_pop_1,0.018218,0.018850,0.000000,0.037193
q_ind_134_pop_1,0.033245,0.033350,0.013266,0.052365
q_ind_135_pop_1,0.170270,0.170280,0.151077,0.189688
q_ind_136_pop_1,0.054580,0.054879,0.035401,0.072643
q_ind_137_pop_1,0.128459,0.128421,0.108744,0.148031
q_ind_138_pop_1,0.145471,0.145475,0.126370,0.164156
q_ind_139_pop_1,0.162883,0.162686,0.143132,0.183409
q_ind_140_pop_1,0.044218,0.044236,0.024034,0.064074
q_ind_141_pop_1,0.073057,0.073129,0.053272,0.092461
q_ind_142_pop_1,0.086256,0.086214,0.067967,0.104553
q_ind_143_pop_1,0.111518,0.111610,0.092008,0.131093
q_ind_144_pop_1,0.109080,0.109060,0.088336,0.130033
q_ind_145_pop_1,0.133919,0.133987,0.114862,0.152531
q_ind_146_pop_1,0.000629,0.000005,0.000000,0.006064
q_ind_147_pop_1,0.000488,0.000004,0.000000,0.004670
q_ind_148_pop_1,0.000599,0.000004,0.000000,0.006056
q_ind_0_pop_2,0.008085,0.005045,0.000000,0.028127
q_ind_1_pop_2,0.000023,0.000000,0.000000,0.000224
q_ind_2_pop_2,0.000028,0.000000,0.000000,0.000277
q_ind_3_pop_2,0.000019,0.000000,0.000000,0.000180
q_ind_4_pop_2,0.000021,0.000000,0.000000,0.000207
q_ind_5_pop_2,0.007414,0.005829,0.000000,0.023016
q_ind_6_pop_2,0.000023,0.000000,0.000000,0.000219
q_ind_7_pop_2,0.000023,0.000000,0.000000,0.000221
q_ind_8_pop_2,0.000026,0.000000,0.000000,0.000254
q_ind_9_pop_2,0.000034,0.000000,0.000000,0.000327
q_ind_10_pop_2,0.000021,0.000000,0.000000,0.000201
q_ind_11_pop_2,0.000656,0.000003,0.000000,0.006931
q_ind_12_pop_2,0.000315,0.000002,0.000000,0.003283
q_ind_13_pop_2,0.000422,0.000002,0.000000,0.004270
q_ind_14_pop_2,0.000172,0.000002,0.000000,0.001616
q_ind_15_pop_2,0.000397,0.000003,0.000000,0.003712
q_ind_16_pop_2,0.000224,0.000002,0.000000,0.002132
q_ind_17_pop_2,0.060552,0.060233,0.041265,0.081733
q_ind_18_pop_2,0.071366,0.070798,0.051247,0.093922
q_ind_19_pop_2,0.161935,0.167005,0.122775,0.187981
q_ind_20_pop_2,0.074512,0.074416,0.056170,0.093229
q_ind_21_pop_2,0.160057,0.165404,0.120252,0.186170
q_ind_22_pop_2,0.053403,0.053300,0.036920,0.070485
q_ind_23_pop_2,0.139810,0.139799,0.120578,0.158887
q_ind_24_pop_2,0.034745,0.034713,0.013787,0.055303
q_ind_25_pop_2,0.044976,0.044695,0.026398,0.064904
q_ind_26_pop_2,0.000364,0.000003,0.000000,0.003521
q_ind_27_pop_2,0.095878,0.095906,0.077575,0.114301
q_ind_28_pop_2,0.001924,0.000045,0.000000,0.013981
q_ind_29_pop_2,0.036652,0.036561,0.019014,0.054650
q_ind_30_pop_2,0.091439,0.091356,0.072278,0.111278
q_ind_31_pop_2,0.079687,0.079674,0.058211,0.101268
q_ind_32_pop_2,0.000166,0.000001,0.000000,0.001671
q_ind_33_pop_2,0.103811,0.103559,0.084380,0.124041
q_ind_34_pop_2,0.027661,0.028145,0.000104,0.046739
q_ind_35_pop_2,0.000202,0.000001,0.000000,0.002057
q_ind_36_pop_2,0.003656,0.000059,0.000000,0.028618
q_ind_37_pop_2,0.032140,0.031996,0.014025,0.051459
q_ind_38_pop_2,0.007215,0.003957,0.000000,0.026431
q_ind_39_pop_2,0.007939,0.000958,0.000000,0.036279
q_ind_40_pop_2,0.000050,0.000000,0.000000,0.000482
q_ind_41_pop_2,0.000062,0.000000,0.000000,0.000604
q_ind_42_pop_2,0.000047,0.000000,0.000000,0.000451
q_ind_43_pop_2,0.043254,0.043202,0.026561,0.060426
q_ind_44_pop_2,0.000361,0.000003,0.000000,0.003347
q_ind_45_pop_2,0.013829,0.013565,0.000000,0.035865
q_ind_46_pop_2,0.056390,0.056435,0.038441,0.074183
q_ind_47_pop_2,0.050348,0.050408,0.034540,0.066288
q_ind_48_pop_2,0.000335,0.000002,0.000000,0.003361
q_ind_49_pop_2,0.056675,0.056776,0.037474,0.075185
q_ind_50_pop_2,0.068153,0.068057,0.049731,0.086505
q_ind_51_pop_2,0.000256,0.000002,0.000000,0.002474
q_ind_52_pop_2,0.000186,0.000001,0.000000,0.001775
q_ind_53_pop_2,0.044719,0.044679,0.029883,0.059701
q_ind_54_pop_2,0.084232,0.084194,0.066718,0.102166
q_ind_55_pop_2,0.005493,0.002160,0.000000,0.022206
q_ind_56_pop_2,0.000026,0.000000,0.000000,0.000245
q_ind_57_pop_2,0.000033,0.000000,0.000000,0.000319
q_ind_58_pop_2,0.000017,0.000000,0.000000,0.000170
q_ind_59_pop_2,0.004502,0.001208,0.000000,0.018917
q_ind_60_pop_2,0.000025,0.000000,0.000000,0.000248
q_ind_61_pop_2,0.000066,0.000001,0.000000,0.000657
q_ind_62_pop_2,0.000019,0.000000,0.000000,0.000182
q_ind_63_pop_2,0.175415,0.175410,0.156142,0.194904
q_ind_64_pop_2,0.000045,0.000000,0.000000,0.000415
q_ind_65_pop_2,0.005793,0.004488,0.000000,0.018527
q_ind_66_pop_2,0.000033,0.000000,0.000000,0.000327
q_ind_67_pop_2,0.308569,0.308362,0.288335,0.329977
q_ind_68_pop_2,0.000046,0.000000,0.000000,0.000464
q_ind_69_pop_2,0.013143,0.013036,0.000000,0.031803
q_ind_70_pop_2,0.000031,0.000000,0.000000,0.000304
q_ind_71_pop_2,0.313040,0.312864,0.292200,0.334685
q_ind_72_pop_2,0.000038,0.000000,0.000000,0.000379
q_ind_73_pop_2,0.000049,0.000000,0.000000,0.000494
q_ind_74_pop_2,0.000024,0.000000,0.000000,0.000228
q_ind_75_pop_2,0.000024,0.000000,0.000000,0.000230
q_ind_76_pop_2,0.000045,0.000000,0.000000,0.000424
q_ind_77_pop_2,0.192003,0.191916,0.171099,0.214010
q_ind_78_pop_2,0.000023,0.000000,0.000000,0.000223
q_ind_79_pop_2,0.000065,0.000000,0.000000,0.000628
q_ind_80_pop_2,0.000024,0.000000,0.000000,0.000229
q_ind_81_pop_2,0.000024,0.000000,0.000000,0.000234
q_ind_82_pop_2,0.018524,0.019221,0.000000,0.036730
q_ind_83_pop_2,0.202901,0.202779,0.182518,0.224147
q_ind_84_pop_2,0.000080,0.000001,0.000000,0.000779
q_ind_85_pop_2,0.159095,0.158970,0.140935,0.177865
q_ind_86_pop_2,0.999649,0.999773,0.998616,0.999994
q_ind_87_pop_2,0.000059,0.000000,0.000000,0.000546
q_ind_88_pop_2,0.865079,0.865190,0.844104,0.885145
q_ind_89_pop_2,0.999679,0.999782,0.998793,0.999993
q_ind_90_pop_2,0.858363,0.858665,0.837311,0.877642
q_ind_91_pop_2,0.999405,0.999598,0.997750,0.999990
q_ind_92_pop_2,0.000036,0.000000,0.000000,0.000345
q_ind_93_pop_2,0.999646,0.999765,0.998619,0.999994
q_ind_94_pop_2,0.004060,0.000150,0.000000,0.026016
q_ind_95_pop_2,0.000667,0.000006,0.000000,0.006264
q_ind_96_pop_2,0.000173,0.000001,0.000000,0.001701
q_ind_97_pop_2,0.046398,0.046379,0.029023,0.063970
q_ind_98_pop_2,0.102015,0.102008,0.082387,0.121288
q_ind_99_pop_2,0.001285,0.000017,0.000000,0.011032
q_ind_100_pop_2,0.028612,0.028740,0.000008,0.054615
q_ind_101_pop_2,0.001230,0.000007,0.000000,0.012861
q_ind_102_pop_2,0.000295,0.000002,0.000000,0.002739
q_ind_103_pop_2,0.070528,0.069910,0.049944,0.093454
q_ind_104_pop_2,0.000348,0.000003,0.000000,0.003287
q_ind_105_pop_2,0.094762,0.094753,0.075741,0.114012
q_ind_106_pop_2,0.205087,0.205056,0.183951,0.226807
q_ind_107_pop_2,0.000166,0.000001,0.000000,0.001643
q_ind_108_pop_2,0.001692,0.000026,0.000000,0.013299
q_ind_109_pop_2,0.001062,0.000008,0.000000,0.009811
q_ind_110_pop_2,0.000025,0.000000,0.000000,0.000238
q_ind_111_pop_2,0.063836,0.063835,0.045766,0.082767
q_ind_112_pop_2,0.000027,0.000000,0.000000,0.000275
q_ind_113_pop_2,0.000028,0.000000,0.000000,0.000261
q_ind_114_pop_2,0.000028,0.000000,0.000000,0.000270
q_ind_115_pop_2,0.055368,0.055332,0.039272,0.072051
q_ind_116_pop_2,0.000041,0.000000,0.000000,0.000393
q_ind_117_pop_2,0.047943,0.047882,0.028925,0.067035
q_ind_118_pop_2,0.109277,0.109325,0.090868,0.127365
q_ind_119_pop_2,0.030508,0.030645,0.011951,0.048613
q_ind_120_pop_2,0.037483,0.037449,0.018438,0.056582
q_ind_121_pop_2,0.065843,0.065642,0.047043,0.085249
q_ind_122_pop_2,0.050575,0.050297,0.030881,0.072094
q_ind_123_pop_2,0.086890,0.086757,0.067196,0.107135
q_ind_124_pop_2,0.104820,0.104820,0.085636,0.124435
q_ind_125_pop_2,0.002570,0.000074,0.000000,0.016557
q_ind_126_pop_2,0.000079,0.000001,0.000000,0.000785
q_ind_127_pop_2,0.078452,0.078303,0.061204,0.095852
q_ind_128_pop_2,0.000097,0.000001,0.000000,0.000947
q_ind_129_pop_2,0.011967,0.011401,0.000000,0.033428
q_ind_130_pop_2,0.028200,0.028265,0.012019,0.044396
q_ind_131_pop_2,0.000336,0.000002,0.000000,0.003313
q_ind_132_pop_2,0.000132,0.000001,0.000000,0.001282
q_ind_133_pop_2,0.060739,0.060648,0.044031,0.078065
q_ind_134_pop_2,0.168301,0.168112,0.148602,0.188587
q_ind_135_pop_2,0.081102,0.081104,0.062810,0.099919
q_ind_136_pop_2,0.164231,0.164062,0.145506,0.183531
q_ind_137_pop_2,0.092273,0.092234,0.073842,0.110826
q_ind_138_pop_2,0.078948,0.078814,0.061145,0.097497
q_ind_139_pop_2,0.161664,0.161521,0.142123,0.181822
q_ind_140_pop_2,0.045667,0.045703,0.026820,0.064674
q_ind_141_pop_2,0.045220,0.044967,0.026954,0.065146
q_ind_142_pop_2,0.099497,0.099320,0.079971,0.119962
q_ind_143_pop_2,0.210241,0.210067,0.189398,0.231462
q_ind_144_pop_2,0.072313,0.071918,0.051467,0.095230
q_ind_145_pop_2,0.187887,0.187783,0.168120,0.208136
q_ind_146_pop_2,0.089257,0.089199,0.070791,0.108325
q_ind_147_pop_2,0.043278,0.043098,0.025243,0.062520
q_ind_148_pop_2,0.087126,0.087176,0.065481,0.108846
q_ind_0_pop_3,0.512429,0.601343,0.139634,0.714587
q_ind_1_pop_3,0.000024,0.000000,0.000000,0.000230
q_ind_2_pop_3,0.000029,0.000000,0.000000,0.000273
q_ind_3_pop_3,0.000019,0.000000,0.000000,0.000190
q_ind_4_pop_3,0.000023,0.000000,0.000000,0.000220
q_ind_5_pop_3,0.120496,0.134236,0.036861,0.179862
q_ind_6_pop_3,0.000025,0.000000,0.000000,0.000248
q_ind_7_pop_3,0.000025,0.000000,0.000000,0.000237
q_ind_8_pop_3,0.000026,0.000000,0.000000,0.000252
q_ind_9_pop_3,0.000031,0.000000,0.000000,0.000303
q_ind_10_pop_3,0.000022,0.000000,0.000000,0.000214
q_ind_11_pop_3,0.439042,0.409331,0.000000,0.908041
q_ind_12_pop_3,0.430109,0.401451,0.000000,0.893173
q_ind_13_pop_3,0.440952,0.409410,0.000000,0.911186
q_ind_14_pop_3,0.398376,0.506861,0.031125,0.553318
q_ind_15_pop_3,0.429664,0.518352,0.119956,0.564566
q_ind_16_pop_3,0.374581,0.470632,0.043674,0.516506
q_ind_17_pop_3,0.483796,0.627783,0.000000,0.702715
q_ind_18_pop_3,0.430387,0.543882,0.032858,0.608487
q_ind_19_pop_3,0.409568,0.386628,0.000000,0.840186
q_ind_20_pop_3,0.510921,0.441323,0.379467,0.786351
q_ind_21_pop_3,0.409348,0.388628,0.000000,0.839426
q_ind_22_pop_3,0.446035,0.417884,0.272396,0.680598
q_ind_23_pop_3,0.266977,0.337251,0.000000,0.418568
q_ind_24_pop_3,0.355068,0.382719,0.146965,0.513680
q_ind_25_pop_3,0.507146,0.630730,0.074080,0.704012
q_ind_26_pop_3,0.524981,0.561088,0.215358,0.764358
q_ind_27_pop_3,0.395192,0.472604,0.107570,0.533593
q_ind_28_pop_3,0.523478,0.565865,0.210056,0.756696
q_ind_29_pop_3,0.493915,0.463029,0.284915,0.769544
q_ind_30_pop_3,0.476557,0.453828,0.268083,0.732982
q_ind_31_pop_3,0.461366,0.431399,0.269125,0.717041
q_ind_32_pop_3,0.475718,0.538972,0.163211,0.667431
q_ind_33_pop_3,0.340100,0.418277,0.063120,0.467084
q_ind_34_pop_3,0.365683,0.327770,0.248650,0.564503
q_ind_35_pop_3,0.448019,0.571842,0.039679,0.609885
q_ind_36_pop_3,0.504506,0.649529,0.000000,0.754083
q_ind_37_pop_3,0.457815,0.566429,0.042322,0.661933
q_ind_38_pop_3,0.560804,0.681401,0.105613,0.779318
q_ind_39_pop_3,0.502425,0.646117,0.000000,0.754707
q_ind_40_pop_3,0.000037,0.000000,0.000000,0.000354
q_ind_41_pop_3,0.000054,0.000000,0.000000,0.000549
q_ind_42_pop_3,0.000041,0.000000,0.000000,0.000398
q_ind_43_pop_3,0.401591,0.499051,0.070538,0.541304
q_ind_44_pop_3,0.453098,0.582750,0.020590,0.631484
q_ind_45_pop_3,0.498315,0.602631,0.107584,0.687101
q_ind_46_pop_3,0.440215,0.484844,0.159745,0.638225
q_ind_47_pop_3,0.266176,0.327329,0.051264,0.360515
q_ind_48_pop_3,0.325801,0.400370,0.069159,0.434360
q_ind_49_pop_3,0.484658,0.516479,0.216223,0.694151
q_ind_50_pop_3,0.454642,0.461203,0.235624,0.663380
q_ind_51_pop_3,0.487176,0.408226,0.353555,0.784005
q_ind_52_pop_3,0.562036,0.485904,0.431263,0.844859
q_ind_53_pop_3,0.143514,0.183824,0.000000,0.216512
q_ind_54_pop_3,0.467955,0.559170,0.124170,0.633922
q_ind_55_pop_3,0.521651,0.616088,0.159955,0.701166
q_ind_56_pop_3,0.000025,0.000000,0.000000,0.000240
q_ind_57_pop_3,0.000037,0.000000,0.000000,0.000357
q_ind_58_pop_3,0.000018,0.000000,0.000000,0.000172
q_ind_59_pop_3,0.030439,0.028516,0.001232,0.061366
q_ind_60_pop_3,0.000026,0.000000,0.000000,0.000249
q_ind_61_pop_3,0.000073,0.000000,0.000000,0.000733
q_ind_62_pop_3,0.000020,0.000000,0.000000,0.000195
q_ind_63_pop_3,0.275285,0.345386,0.000000,0.427397
q_ind_64_pop_3,0.000040,0.000000,0.000000,0.000385
q_ind_65_pop_3,0.004225,0.000594,0.000000,0.020294
q_ind_66_pop_3,0.000031,0.000000,0.000000,0.000306
q_ind_67_pop_3,0.081704,0.101311,0.000000,0.140301
q_ind_68_pop_3,0.000036,0.000000,0.000000,0.000345
q_ind_69_pop_3,0.072400,0.089271,0.000000,0.125161
q_ind_70_pop_3,0.000027,0.000000,0.000000,0.000264
q_ind_71_pop_3,0.068238,0.083200,0.000000,0.122092
q_ind_72_pop_3,0.000031,0.000000,0.000000,0.000309
q_ind_73_pop_3,0.000039,0.000000,0.000000,0.000381
q_ind_74_pop_3,0.000020,0.000000,0.000000,0.000187
q_ind_75_pop_3,0.000022,0.000000,0.000000,0.000212
q_ind_76_pop_3,0.000038,0.000000,0.000000,0.000370
q_ind_77_pop_3,0.400922,0.502563,0.000000,0.616896
q_ind_78_pop_3,0.000021,0.000000,0.000000,0.000205
q_ind_79_pop_3,0.000049,0.000000,0.000000,0.000469
q_ind_80_pop_3,0.000020,0.000000,0.000000,0.000195
q_ind_81_pop_3,0.000021,0.000000,0.000000,0.000208
q_ind_82_pop_3,0.185575,0.200806,0.059266,0.285756
q_ind_83_pop_3,0.406842,0.517531,0.000000,0.620476
q_ind_84_pop_3,0.000067,0.000000,0.000000,0.000679
q_ind_85_pop_3,0.334695,0.410258,0.074411,0.445055
q_ind_86_pop_3,0.000032,0.000000,0.000000,0.000305
q_ind_87_pop_3,0.000069,0.000001,0.000000,0.000670
q_ind_88_pop_3,0.000460,0.000004,0.000000,0.004024
q_ind_89_pop_3,0.000033,0.000000,0.000000,0.000318
q_ind_90_pop_3,0.000401,0.000003,0.000000,0.003890
q_ind_91_pop_3,0.000060,0.000000,0.000000,0.000572
q_ind_92_pop_3,0.000033,0.000000,0.000000,0.000319
q_ind_93_pop_3,0.000034,0.000000,0.000000,0.000314
q_ind_94_pop_3,0.483364,0.618364,0.000000,0.726486
q_ind_95_pop_3,0.438995,0.528199,0.135558,0.564680
q_ind_96_pop_3,0.459440,0.493258,0.200910,0.655067
q_ind_97_pop_3,0.454073,0.515532,0.155509,0.635561
q_ind_98_pop_3,0.432590,0.519414,0.116245,0.580517
q_ind_99_pop_3,0.426105,0.474369,0.132465,0.625239
q_ind_100_pop_3,0.413260,0.523507,0.000000,0.631334
q_ind_101_pop_3,0.483961,0.617907,0.000000,0.723569
q_ind_102_pop_3,0.513164,0.643862,0.050052,0.716019
q_ind_103_pop_3,0.419058,0.538331,0.000000,0.622398
q_ind_104_pop_3,0.424367,0.546368,0.000000,0.626230
q_ind_105_pop_3,0.428624,0.485944,0.148233,0.601467
q_ind_106_pop_3,0.304180,0.326628,0.114936,0.453693
q_ind_107_pop_3,0.485877,0.625773,0.000000,0.715659
q_ind_108_pop_3,0.550897,0.688773,0.071015,0.758387
q_ind_109_pop_3,0.538168,0.681913,0.064812,0.726026
q_ind_110_pop_3,0.000026,0.000000,0.000000,0.000250
q_ind_111_pop_3,0.314999,0.396436,0.012711,0.460094
q_ind_112_pop_3,0.000027,0.000000,0.000000,0.000266
q_ind_113_pop_3,0.000028,0.000000,0.000000,0.000270
q_ind_114_pop_3,0.000034,0.000000,0.000000,0.000326
q_ind_115_pop_3,0.333567,0.417567,0.040134,0.463384
q_ind_116_pop_3,0.000047,0.000000,0.000000,0.000455
q_ind_117_pop_3,0.556173,0.682470,0.138049,0.724224
q_ind_118_pop_3,0.357354,0.388207,0.168659,0.490573
q_ind_119_pop_3,0.426142,0.418523,0.242649,0.629766
q_ind_120_pop_3,0.544980,0.640543,0.191628,0.712687
q_ind_121_pop_3,0.562026,0.667119,0.172913,0.746456
q_ind_122_pop_3,0.544497,0.662890,0.147179,0.711528
q_ind_123_pop_3,0.483429,0.588234,0.124359,0.636906
q_ind_124_pop_3,0.493823,0.564541,0.145843,0.707243
q_ind_125_pop_3,0.483641,0.443382,0.204785,0.838737
q_ind_126_pop_3,0.480215,0.442235,0.000000,0.999920
q_ind_127_pop_3,0.468562,0.575910,0.089874,0.640553
q_ind_128_pop_3,0.479299,0.435235,0.000000,0.999934
q_ind_129_pop_3,0.511715,0.537569,0.209366,0.765700
q_ind_130_pop_3,0.381499,0.460608,0.087206,0.522495
q_ind_131_pop_3,0.431313,0.411847,0.075008,0.836698
q_ind_132_pop_3,0.387064,0.488788,0.039751,0.536662
q_ind_133_pop_3,0.519035,0.524637,0.267194,0.762639
q_ind_134_pop_3,0.332564,0.414680,0.000000,0.511576
q_ind_135_pop_3,0.212621,0.255048,0.028665,0.314422
q_ind_136_pop_3,0.319155,0.402227,0.000000,0.498277
q_ind_137_pop_3,0.233784,0.204985,0.107272,0.424305
q_ind_138_pop_3,0.333395,0.399759,0.093833,0.443435
q_ind_139_pop_3,0.355454,0.437972,0.063018,0.486773
q_ind_140_pop_3,0.329091,0.407968,0.051881,0.450532
q_ind_141_pop_3,0.440850,0.537163,0.084387,0.610218
q_ind_142_pop_3,0.438144,0.525955,0.122400,0.582956
q_ind_143_pop_3,0.281718,0.337098,0.049968,0.409008
q_ind_144_pop_3,0.357875,0.453433,0.000000,0.552336
q_ind_145_pop_3,0.336710,0.411483,0.069917,0.458304
q_ind_146_pop_3,0.446178,0.507196,0.141881,0.633291
q_ind_147_pop_3,0.479357,0.531327,0.165666,0.694571
q_ind_148_pop_3,0.437941,0.503261,0.130710,0.618106
q_ind_0_pop_4,0.239059,0.155417,0.030425,0.623503
q_ind_1_pop_4,0.000025,0.000000,0.000000,0.000241
q_ind_2_pop_4,0.000027,0.000000,0.000000,0.000266
q_ind_3_pop_4,0.000019,0.000000,0.000000,0.000185
q_ind_4_pop_4,0.000023,0.000000,0.000000,0.000211
q_ind_5_pop_4,0.060308,0.048240,0.000000,0.147272
q_ind_6_pop_4,0.000024,0.000000,0.000000,0.000240
q_ind_7_pop_4,0.000025,0.000000,0.000000,0.000245
q_ind_8_pop_4,0.000025,0.000000,0.000000,0.000246
q_ind_9_pop_4,0.000033,0.000000,0.000000,0.000320
q_ind_10_pop_4,0.000021,0.000000,0.000000,0.000204
q_ind_11_pop_4,0.467732,0.402897,0.000000,0.999953
q_ind_12_pop_4,0.463124,0.399505,0.000000,0.999943
q_ind_13_pop_4,0.468927,0.410957,0.000000,0.999957
q_ind_14_pop_4,0.165997,0.050604,0.026758,0.546795
q_ind_15_pop_4,0.220465,0.134951,0.081941,0.538719
q_ind_16_pop_4,0.168237,0.067446,0.039018,0.510408
q_ind_17_pop_4,0.190006,0.039554,0.000000,0.696516
q_ind_18_pop_4,0.186715,0.061915,0.031336,0.600226
q_ind_19_pop_4,0.408370,0.390318,0.000000,0.836874
q_ind_20_pop_4,0.355984,0.437368,0.071410,0.487347
q_ind_21_pop_4,0.408617,0.379891,0.000000,0.837295
q_ind_22_pop_4,0.254734,0.287144,0.014494,0.437672
q_ind_23_pop_4,0.123132,0.051219,0.000000,0.413880
q_ind_24_pop_4,0.185852,0.162512,0.023460,0.403720
q_ind_25_pop_4,0.253272,0.128960,0.071393,0.695363
q_ind_26_pop_4,0.267385,0.233882,0.029137,0.581626
q_ind_27_pop_4,0.193757,0.122026,0.048872,0.490162
q_ind_28_pop_4,0.265462,0.226696,0.033459,0.584943
q_ind_29_pop_4,0.266649,0.300866,0.000000,0.486132
q_ind_30_pop_4,0.256828,0.285088,0.000000,0.479488
q_ind_31_pop_4,0.253407,0.288435,0.000000,0.462102
q_ind_32_pop_4,0.238686,0.180269,0.046297,0.557569
q_ind_33_pop_4,0.169863,0.087289,0.057251,0.457226
q_ind_34_pop_4,0.220371,0.264625,0.013393,0.348912
q_ind_35_pop_4,0.177157,0.056281,0.000018,0.595665
q_ind_36_pop_4,0.214272,0.057151,0.000000,0.747004
q_ind_37_pop_4,0.231152,0.130012,0.038030,0.655055
q_ind_38_pop_4,0.234262,0.122085,0.000000,0.700460
q_ind_39_pop_4,0.214955,0.064315,0.000000,0.748440
q_ind_40_pop_4,0.000043,0.000000,0.000000,0.000415
q_ind_41_pop_4,0.000050,0.000000,0.000000,0.000485
q_ind_42_pop_4,0.000047,0.000000,0.000000,0.000451
q_ind_43_pop_4,0.191594,0.089153,0.064706,0.533180
q_ind_44_pop_4,0.171545,0.034711,0.000001,0.623879
q_ind_45_pop_4,0.217448,0.122551,0.001229,0.623806
q_ind_46_pop_4,0.213771,0.176117,0.003720,0.505719
q_ind_47_pop_4,0.125721,0.063087,0.035416,0.349504
q_ind_48_pop_4,0.161704,0.084262,0.059070,0.426922
q_ind_49_pop_4,0.263123,0.234862,0.053256,0.538394
q_ind_50_pop_4,0.253178,0.251380,0.037269,0.480707
q_ind_51_pop_4,0.310260,0.401744,0.000001,0.444986
q_ind_52_pop_4,0.371434,0.448037,0.092435,0.503430
q_ind_53_pop_4,0.050505,0.000983,0.000000,0.212129
q_ind_54_pop_4,0.225481,0.139356,0.053143,0.577725
q_ind_55_pop_4,0.262865,0.175707,0.070395,0.638423
q_ind_56_pop_4,0.000023,0.000000,0.000000,0.000228
q_ind_57_pop_4,0.000034,0.000000,0.000000,0.000321
q_ind_58_pop_4,0.000018,0.000000,0.000000,0.000179
q_ind_59_pop_4,0.016921,0.018271,0.000000,0.039830
q_ind_60_pop_4,0.000025,0.000000,0.000000,0.000250
q_ind_61_pop_4,0.000068,0.000000,0.000000,0.000652
q_ind_62_pop_4,0.000021,0.000000,0.000000,0.000203
q_ind_63_pop_4,0.129328,0.058618,0.000000,0.421114
q_ind_64_pop_4,0.000037,0.000000,0.000000,0.000353
q_ind_65_pop_4,0.002794,0.000158,0.000000,0.016494
q_ind_66_pop_4,0.000028,0.000000,0.000000,0.000265
q_ind_67_pop_4,0.032365,0.000243,0.000000,0.136380
q_ind_68_pop_4,0.000034,0.000000,0.000000,0.000342
q_ind_69_pop_4,0.027649,0.000025,0.000000,0.124166
q_ind_70_pop_4,0.000028,0.000000,0.000000,0.000274
q_ind_71_pop_4,0.027252,0.000145,0.000000,0.118895
q_ind_72_pop_4,0.000033,0.000000,0.000000,0.000325
q_ind_73_pop_4,0.000041,0.000000,0.000000,0.000398
q_ind_74_pop_4,0.000021,0.000000,0.000000,0.000203
q_ind_75_pop_4,0.000022,0.000000,0.000000,0.000213
q_ind_76_pop_4,0.000041,0.000000,0.000000,0.000401
q_ind_77_pop_4,0.185212,0.065031,0.000000,0.611842
q_ind_78_pop_4,0.000020,0.000000,0.000000,0.000198
q_ind_79_pop_4,0.000047,0.000000,0.000000,0.000469
q_ind_80_pop_4,0.000021,0.000000,0.000000,0.000204
q_ind_81_pop_4,0.000023,0.000000,0.000000,0.000225
q_ind_82_pop_4,0.085864,0.071683,0.000000,0.216753
q_ind_83_pop_4,0.183741,0.063230,0.000000,0.615831
q_ind_84_pop_4,0.000073,0.000001,0.000000,0.000713
q_ind_85_pop_4,0.163872,0.086602,0.056668,0.432515
q_ind_86_pop_4,0.000034,0.000000,0.000000,0.000335
q_ind_87_pop_4,0.000064,0.000000,0.000000,0.000621
q_ind_88_pop_4,0.000364,0.000003,0.000000,0.003418
q_ind_89_pop_4,0.000032,0.000000,0.000000,0.000316
q_ind_90_pop_4,0.000266,0.000002,0.000000,0.002574
q_ind_91_pop_4,0.000065,0.000000,0.000000,0.000630
q_ind_92_pop_4,0.000033,0.000000,0.000000,0.000314
q_ind_93_pop_4,0.000036,0.000000,0.000000,0.000342
q_ind_94_pop_4,0.223718,0.097430,0.000000,0.719470
q_ind_95_pop_4,0.243115,0.152335,0.125815,0.551766
q_ind_96_pop_4,0.245590,0.216664,0.044097,0.513212
q_ind_97_pop_4,0.227772,0.171334,0.040799,0.535922
q_ind_98_pop_4,0.213736,0.131425,0.060706,0.540020
q_ind_99_pop_4,0.193989,0.150545,0.000000,0.495614
q_ind_100_pop_4,0.180821,0.057224,0.000000,0.621718
q_ind_101_pop_4,0.200833,0.038036,0.000000,0.717611
q_ind_102_pop_4,0.195994,0.069499,0.000000,0.664598
q_ind_103_pop_4,0.169491,0.039386,0.000000,0.615312
q_ind_104_pop_4,0.167339,0.021553,0.000000,0.621079
q_ind_105_pop_4,0.215250,0.163104,0.035503,0.508466
q_ind_106_pop_4,0.150810,0.132412,0.000000,0.347260
q_ind_107_pop_4,0.199076,0.039856,0.000000,0.709839
q_ind_108_pop_4,0.219302,0.089430,0.000000,0.710515
q_ind_109_pop_4,0.220285,0.082360,0.020487,0.703611
q_ind_110_pop_4,0.000026,0.000000,0.000000,0.000251
q_ind_111_pop_4,0.144931,0.062082,0.010023,0.453163
q_ind_112_pop_4,0.000027,0.000000,0.000000,0.000252
q_ind_113_pop_4,0.000033,0.000000,0.000000,0.000320
q_ind_114_pop_4,0.000034,0.000000,0.000000,0.000324
q_ind_115_pop_4,0.156293,0.068534,0.037229,0.458456
q_ind_116_pop_4,0.000054,0.000000,0.000000,0.000526
q_ind_117_pop_4,0.274985,0.153300,0.098083,0.703706
q_ind_118_pop_4,0.209434,0.181704,0.075041,0.406225
q_ind_119_pop_4,0.244704,0.257756,0.033058,0.436542
q_ind_120_pop_4,0.295730,0.206491,0.119217,0.659787
q_ind_121_pop_4,0.285924,0.187144,0.090895,0.686303
q_ind_122_pop_4,0.273779,0.161458,0.097230,0.683458
q_ind_123_pop_4,0.238644,0.140366,0.072694,0.610425
q_ind_124_pop_4,0.226291,0.163242,0.000000,0.589111
q_ind_125_pop_4,0.398454,0.442455,0.026504,0.683588
q_ind_126_pop_4,0.499625,0.496623,0.000000,0.999967
q_ind_127_pop_4,0.246945,0.139149,0.082936,0.633006
q_ind_128_pop_4,0.499558,0.497290,0.000000,0.999968
q_ind_129_pop_4,0.247199,0.225536,0.000000,0.558504
q_ind_130_pop_4,0.174886,0.101935,0.021696,0.481924
q_ind_131_pop_4,0.381519,0.408482,0.000000,0.733557
q_ind_132_pop_4,0.167717,0.057781,0.036112,0.530701
q_ind_133_pop_4,0.286220,0.282646,0.043623,0.543403
q_ind_134_pop_4,0.147854,0.051637,0.000000,0.505525
q_ind_135_pop_4,0.116722,0.072032,0.024045,0.309682
q_ind_136_pop_4,0.153776,0.067286,0.000000,0.492103
q_ind_137_pop_4,0.166820,0.201389,0.000000,0.289011
q_ind_138_pop_4,0.170116,0.107375,0.054151,0.419959
q_ind_139_pop_4,0.158037,0.080183,0.017723,0.461088
q_ind_140_pop_4,0.158263,0.077105,0.045887,0.441772
q_ind_141_pop_4,0.188569,0.099443,0.000105,0.557602
q_ind_142_pop_4,0.216882,0.137561,0.053294,0.548008
q_ind_143_pop_4,0.160273,0.102160,0.045301,0.403007
q_ind_144_pop_4,0.150950,0.030897,0.000000,0.544699
q_ind_145_pop_4,0.151402,0.083969,0.008492,0.434538
q_ind_146_pop_4,0.214314,0.159865,0.015711,0.530642
q_ind_147_pop_4,0.228304,0.183204,0.000251,0.552883
q_ind_148_pop_4,0.210455,0.151452,0.019347,0.529705
q_ind_0_pop_5,0.000402,0.000003,0.000000,0.003887
q_ind_1_pop_5,0.000030,0.000000,0.000000,0.000295
q_ind_2_pop_5,0.000030,0.000000,0.000000,0.000291
q_ind_3_pop_5,0.000021,0.000000,0.000000,0.000203
q_ind_4_pop_5,0.000025,0.000000,0.000000,0.000240
q_ind_5_pop_5,0.059474,0.059370,0.045789,0.073632
q_ind_6_pop_5,0.000025,0.000000,0.000000,0.000244
q_ind_7_pop_5,0.000028,0.000000,0.000000,0.000272
q_ind_8_pop_5,0.000029,0.000000,0.000000,0.000275
q_ind_9_pop_5,0.000034,0.000000,0.000000,0.000330
q_ind_10_pop_5,0.000024,0.000000,0.000000,0.000237
q_ind_11_pop_5,0.000506,0.000002,0.000000,0.005223
q_ind_12_pop_5,0.000996,0.000006,0.000000,0.009612
q_ind_13_pop_5,0.000856,0.000004,0.000000,0.009209
q_ind_14_pop_5,0.161591,0.159296,0.138470,0.191615
q_ind_15_pop_5,0.075155,0.075015,0.057330,0.093939
q_ind_16_pop_5,0.201847,0.201086,0.178555,0.228064
q_ind_17_pop_5,0.183324,0.182042,0.162279,0.209295
q_ind_18_pop_5,0.205605,0.205158,0.185776,0.227349
q_ind_19_pop_5,0.002316,0.000043,0.000000,0.017886
q_ind_20_pop_5,0.002433,0.000066,0.000000,0.015917
q_ind_21_pop_5,0.002666,0.000055,0.000000,0.019125
q_ind_22_pop_5,0.036748,0.036620,0.020471,0.054116
q_ind_23_pop_5,0.142866,0.142634,0.123705,0.162879
q_ind_24_pop_5,0.080823,0.080794,0.063015,0.098860
q_ind_25_pop_5,0.031065,0.031164,0.013143,0.048895
q_ind_26_pop_5,0.000147,0.000001,0.000000,0.001406
q_ind_27_pop_5,0.078098,0.077850,0.060269,0.097115
q_ind_28_pop_5,0.000696,0.000005,0.000000,0.006766
q_ind_29_pop_5,0.001169,0.000011,0.000000,0.010298
q_ind_30_pop_5,0.001882,0.000038,0.000000,0.013523
q_ind_31_pop_5,0.000732,0.000005,0.000000,0.007134
q_ind_32_pop_5,0.118323,0.118245,0.100455,0.136912
q_ind_33_pop_5,0.158056,0.157752,0.138426,0.179112
q_ind_34_pop_5,0.101901,0.101925,0.086413,0.117523
q_ind_35_pop_5,0.035019,0.034065,0.015369,0.058247
q_ind_36_pop_5,0.126542,0.123884,0.102944,0.158705
q_ind_37_pop_5,0.059815,0.059343,0.040524,0.081930
q_ind_38_pop_5,0.054625,0.054164,0.035219,0.076363
q_ind_39_pop_5,0.172456,0.169147,0.149289,0.205518
q_ind_40_pop_5,0.999600,0.999732,0.998469,0.999992
q_ind_41_pop_5,0.999457,0.999644,0.997879,0.999989
q_ind_42_pop_5,0.999589,0.999727,0.998422,0.999992
q_ind_43_pop_5,0.107176,0.107090,0.088461,0.126577
q_ind_44_pop_5,0.083992,0.082027,0.061953,0.112533
q_ind_45_pop_5,0.014856,0.014750,0.000000,0.036024
q_ind_46_pop_5,0.011127,0.007811,0.000000,0.037955
q_ind_47_pop_5,0.338589,0.338473,0.321195,0.356258
q_ind_48_pop_5,0.245407,0.244802,0.226427,0.267521
q_ind_49_pop_5,0.000150,0.000001,0.000000,0.001454
q_ind_50_pop_5,0.053053,0.052933,0.034544,0.071954
q_ind_51_pop_5,0.026443,0.026447,0.006920,0.046086
q_ind_52_pop_5,0.000350,0.000003,0.000000,0.003407
q_ind_53_pop_5,0.655525,0.655278,0.636607,0.675365
q_ind_54_pop_5,0.080457,0.080253,0.062119,0.100170
q_ind_55_pop_5,0.005813,0.000821,0.000000,0.028058
q_ind_56_pop_5,0.000024,0.000000,0.000000,0.000229
q_ind_57_pop_5,0.000029,0.000000,0.000000,0.000286
q_ind_58_pop_5,0.000018,0.000000,0.000000,0.000179
q_ind_59_pop_5,0.020020,0.019935,0.009489,0.030891
q_ind_60_pop_5,0.000023,0.000000,0.000000,0.000227
q_ind_61_pop_5,0.000107,0.000001,0.000000,0.001038
q_ind_62_pop_5,0.000019,0.000000,0.000000,0.000186
q_ind_63_pop_5,0.007910,0.005925,0.000000,0.025947
q_ind_64_pop_5,0.000042,0.000000,0.000000,0.000407
q_ind_65_pop_5,0.011276,0.011353,0.000046,0.021352
q_ind_66_pop_5,0.000031,0.000000,0.000000,0.000303
q_ind_67_pop_5,0.000144,0.000001,0.000000,0.001377
q_ind_68_pop_5,0.000029,0.000000,0.000000,0.000289
q_ind_69_pop_5,0.000379,0.000003,0.000000,0.003676
q_ind_70_pop_5,0.000028,0.000000,0.000000,0.000291
q_ind_71_pop_5,0.000125,0.000001,0.000000,0.001201
q_ind_72_pop_5,0.000031,0.000000,0.000000,0.000302
q_ind_73_pop_5,0.000052,0.000000,0.000000,0.000506
q_ind_74_pop_5,0.000019,0.000000,0.000000,0.000190
q_ind_75_pop_5,0.000021,0.000000,0.000000,0.000195
q_ind_76_pop_5,0.000040,0.000000,0.000000,0.000381
q_ind_77_pop_5,0.000149,0.000001,0.000000,0.001488
q_ind_78_pop_5,0.000020,0.000000,0.000000,0.000191
q_ind_79_pop_5,0.000034,0.000000,0.000000,0.000339
q_ind_80_pop_5,0.000019,0.000000,0.000000,0.000180
q_ind_81_pop_5,0.000022,0.000000,0.000000,0.000215
q_ind_82_pop_5,0.000137,0.000001,0.000000,0.001318
q_ind_83_pop_5,0.000106,0.000001,0.000000,0.001038
q_ind_84_pop_5,0.000062,0.000000,0.000000,0.000606
q_ind_85_pop_5,0.000217,0.000002,0.000000,0.002006
q_ind_86_pop_5,0.000039,0.000000,0.000000,0.000393
q_ind_87_pop_5,0.000057,0.000000,0.000000,0.000545
q_ind_88_pop_5,0.000869,0.000007,0.000000,0.007936
q_ind_89_pop_5,0.000035,0.000000,0.000000,0.000338
q_ind_90_pop_5,0.000329,0.000002,0.000000,0.003251
q_ind_91_pop_5,0.000060,0.000000,0.000000,0.000578
q_ind_92_pop_5,0.000033,0.000000,0.000000,0.000323
q_ind_93_pop_5,0.000036,0.000000,0.000000,0.000352
q_ind_94_pop_5,0.042349,0.040176,0.020350,0.071452
q_ind_95_pop_5,0.004699,0.000322,0.000000,0.024844
q_ind_96_pop_5,0.061480,0.061446,0.043660,0.079597
q_ind_97_pop_5,0.047525,0.047472,0.028402,0.067187
q_ind_98_pop_5,0.126920,0.126964,0.107883,0.146088
q_ind_99_pop_5,0.118262,0.117725,0.096712,0.142516
q_ind_100_pop_5,0.141859,0.139820,0.118684,0.172272
q_ind_101_pop_5,0.153256,0.147193,0.124471,0.197804
q_ind_102_pop_5,0.087776,0.086634,0.066496,0.113880
q_ind_103_pop_5,0.094329,0.093617,0.077828,0.114386
q_ind_104_pop_5,0.112021,0.109384,0.090364,0.141932
q_ind_105_pop_5,0.001020,0.000011,0.000000,0.008609
q_ind_106_pop_5,0.003475,0.000155,0.000000,0.020515
q_ind_107_pop_5,0.145733,0.143217,0.124765,0.174483
q_ind_108_pop_5,0.000765,0.000008,0.000000,0.006726
q_ind_109_pop_5,0.001169,0.000014,0.000000,0.009903
q_ind_110_pop_5,0.000027,0.000000,0.000000,0.000257
q_ind_111_pop_5,0.098256,0.097870,0.079248,0.119301
q_ind_112_pop_5,0.000028,0.000000,0.000000,0.000272
q_ind_113_pop_5,0.000032,0.000000,0.000000,0.000310
q_ind_114_pop_5,0.000032,0.000000,0.000000,0.000311
q_ind_115_pop_5,0.103621,0.103434,0.087182,0.121178
q_ind_116_pop_5,0.000046,0.000000,0.000000,0.000436
q_ind_117_pop_5,0.000306,0.000002,0.000000,0.002980
q_ind_118_pop_5,0.154036,0.153904,0.137057,0.171632
q_ind_119_pop_5,0.139947,0.139782,0.121783,0.158349
q_ind_120_pop_5,0.025241,0.026223,0.000000,0.046965
q_ind_121_pop_5,0.000190,0.000001,0.000000,0.001861
q_ind_122_pop_5,0.000135,0.000001,0.000000,0.001301
q_ind_123_pop_5,0.031450,0.031278,0.012915,0.050483
q_ind_124_pop_5,0.026802,0.026856,0.004838,0.046947
q_ind_125_pop_5,0.000373,0.000003,0.000000,0.003475
q_ind_126_pop_5,0.000088,0.000001,0.000000,0.000881
q_ind_127_pop_5,0.025463,0.025553,0.004167,0.045971
q_ind_128_pop_5,0.000082,0.000000,0.000000,0.000807
q_ind_129_pop_5,0.028697,0.028693,0.010886,0.046104
q_ind_130_pop_5,0.167596,0.167023,0.149247,0.188729
q_ind_131_pop_5,0.036184,0.036647,0.016176,0.053002
q_ind_132_pop_5,0.148407,0.147173,0.126830,0.174217
q_ind_133_pop_5,0.000128,0.000001,0.000000,0.001201
q_ind_134_pop_5,0.220590,0.220133,0.202013,0.241303
q_ind_135_pop_5,0.181052,0.180853,0.160892,0.202707
q_ind_136_pop_5,0.174512,0.174391,0.157369,0.192211
q_ind_137_pop_5,0.199119,0.199193,0.181109,0.217186
q_ind_138_pop_5,0.160456,0.160425,0.144569,0.176750
q_ind_139_pop_5,0.000654,0.000007,0.000000,0.005826
q_ind_140_pop_5,0.176916,0.176911,0.158134,0.195841
q_ind_141_pop_5,0.120360,0.120139,0.104380,0.137551
q_ind_142_pop_5,0.086894,0.086514,0.072271,0.103533
q_ind_143_pop_5,0.049726,0.049590,0.031177,0.068472
q_ind_144_pop_5,0.227332,0.226680,0.204928,0.253037
q_ind_145_pop_5,0.164007,0.163712,0.143869,0.185240
q_ind_146_pop_5,0.093801,0.093318,0.073524,0.116607
q_ind_147_pop_5,0.051725,0.051225,0.031766,0.074555
q_ind_148_pop_5,0.083654,0.083118,0.061364,0.108206
q_ind_0_pop_6,0.006135,0.001550,0.000000,0.025862
q_ind_1_pop_6,0.000025,0.000000,0.000000,0.000247
q_ind_2_pop_6,0.000024,0.000000,0.000000,0.000228
q_ind_3_pop_6,0.000018,0.000000,0.000000,0.000173
q_ind_4_pop_6,0.000021,0.000000,0.000000,0.000200
q_ind_5_pop_6,0.000302,0.000002,0.000000,0.002985
q_ind_6_pop_6,0.000022,0.000000,0.000000,0.000212
q_ind_7_pop_6,0.000023,0.000000,0.000000,0.000225
q_ind_8_pop_6,0.000025,0.000000,0.000000,0.000248
q_ind_9_pop_6,0.000030,0.000000,0.000000,0.000293
q_ind_10_pop_6,0.000020,0.000000,0.000000,0.000196
q_ind_11_pop_6,0.012614,0.010992,0.000000,0.037653
q_ind_12_pop_6,0.017231,0.019529,0.000000,0.039687
q_ind_13_pop_6,0.016045,0.017686,0.000000,0.038950
q_ind_14_pop_6,0.000218,0.000002,0.000000,0.002146
q_ind_15_pop_6,0.000418,0.000004,0.000000,0.003951
q_ind_16_pop_6,0.000206,0.000002,0.000000,0.001972
q_ind_17_pop_6,0.000160,0.000001,0.000000,0.001592
q_ind_18_pop_6,0.000092,0.000001,0.000000,0.000909
q_ind_19_pop_6,0.000127,0.000001,0.000000,0.001212
q_ind_20_pop_6,0.001359,0.000027,0.000000,0.011048
q_ind_21_pop_6,0.000130,0.000001,0.000000,0.001227
q_ind_22_pop_6,0.009813,0.008580,0.000000,0.029450
q_ind_23_pop_6,0.000627,0.000005,0.000000,0.005998
q_ind_24_pop_6,0.097756,0.097724,0.081921,0.113682
q_ind_25_pop_6,0.046640,0.046717,0.031074,0.062121
q_ind_26_pop_6,0.088288,0.088189,0.072030,0.104692
q_ind_27_pop_6,0.009345,0.008037,0.000000,0.028434
q_ind_28_pop_6,0.078221,0.078174,0.062882,0.094247
q_ind_29_pop_6,0.042674,0.042539,0.027865,0.057851
q_ind_30_pop_6,0.020875,0.021519,0.000001,0.038378
q_ind_31_pop_6,0.039195,0.039070,0.021513,0.057661
q_ind_32_pop_6,0.001821,0.000052,0.000000,0.012556
q_ind_33_pop_6,0.002370,0.000056,0.000000,0.017716
q_ind_34_pop_6,0.043889,0.043837,0.028791,0.059514
q_ind_35_pop_6,0.008766,0.007170,0.000000,0.027366
q_ind_36_pop_6,0.043406,0.042839,0.026881,0.062449
q_ind_37_pop_6,0.001754,0.000074,0.000000,0.010997
q_ind_38_pop_6,0.042816,0.042428,0.025528,0.061436
q_ind_39_pop_6,0.003062,0.000104,0.000000,0.018765
q_ind_40_pop_6,0.000037,0.000000,0.000000,0.000356
q_ind_41_pop_6,0.000056,0.000000,0.000000,0.000540
q_ind_42_pop_6,0.000041,0.000000,0.000000,0.000397
q_ind_43_pop_6,0.013724,0.014203,0.000000,0.030848
q_ind_44_pop_6,0.010660,0.005925,0.000000,0.037814
q_ind_45_pop_6,0.025617,0.025722,0.006614,0.042544
q_ind_46_pop_6,0.000669,0.000005,0.000000,0.006147
q_ind_47_pop_6,0.001478,0.000033,0.000000,0.010774
q_ind_48_pop_6,0.001790,0.000044,0.000000,0.012490
q_ind_49_pop_6,0.000499,0.000004,0.000000,0.004956
q_ind_50_pop_6,0.000636,0.000007,0.000000,0.005709
q_ind_51_pop_6,0.000398,0.000003,0.000000,0.003679
q_ind_52_pop_6,0.000369,0.000003,0.000000,0.003583
q_ind_53_pop_6,0.000341,0.000003,0.000000,0.003117
q_ind_54_pop_6,0.001985,0.000043,0.000000,0.014352
q_ind_55_pop_6,0.017687,0.017946,0.000001,0.033616
q_ind_56_pop_6,0.000028,0.000000,0.000000,0.000271
q_ind_57_pop_6,0.000037,0.000000,0.000000,0.000355
q_ind_58_pop_6,0.000020,0.000000,0.000000,0.000201
q_ind_59_pop_6,0.003946,0.000892,0.000000,0.016575
q_ind_60_pop_6,0.000037,0.000000,0.000000,0.000350
q_ind_61_pop_6,0.000072,0.000000,0.000000,0.000703
q_ind_62_pop_6,0.000020,0.000000,0.000000,0.000196
q_ind_63_pop_6,0.124890,0.124932,0.108277,0.141514
q_ind_64_pop_6,0.000104,0.000001,0.000000,0.000986
q_ind_65_pop_6,0.000434,0.000004,0.000000,0.004125
q_ind_66_pop_6,0.000043,0.000000,0.000000,0.000418
q_ind_67_pop_6,0.094548,0.094429,0.079914,0.109493
q_ind_68_pop_6,0.000048,0.000000,0.000000,0.000465
q_ind_69_pop_6,0.525426,0.525441,0.509933,0.541098
q_ind_70_pop_6,0.000040,0.000000,0.000000,0.000393
q_ind_71_pop_6,0.096607,0.096485,0.081720,0.111788
q_ind_72_pop_6,0.000045,0.000000,0.000000,0.000448
q_ind_73_pop_6,0.000059,0.000000,0.000000,0.000575
q_ind_74_pop_6,0.999806,0.999870,0.999260,0.999996
q_ind_75_pop_6,0.999796,0.999862,0.999228,0.999996
q_ind_76_pop_6,0.999640,0.999758,0.998645,0.999993
q_ind_77_pop_6,0.067254,0.067117,0.051181,0.084277
q_ind_78_pop_6,0.999809,0.999872,0.999262,0.999997
q_ind_79_pop_6,0.999601,0.999734,0.998489,0.999992
q_ind_80_pop_6,0.999807,0.999870,0.999262,0.999996
q_ind_81_pop_6,0.999788,0.999858,0.999200,0.999996
q_ind_82_pop_6,0.325499,0.325548,0.309212,0.341533
q_ind_83_pop_6,0.058164,0.057944,0.041987,0.075029
q_ind_84_pop_6,0.000075,0.000001,0.000000,0.000721
q_ind_85_pop_6,0.002493,0.000077,0.000000,0.016088
q_ind_86_pop_6,0.000051,0.000000,0.000000,0.000494
q_ind_87_pop_6,0.000078,0.000001,0.000000,0.000738
q_ind_88_pop_6,0.061220,0.061306,0.046209,0.075972
q_ind_89_pop_6,0.000046,0.000000,0.000000,0.000445
q_ind_90_pop_6,0.072157,0.072170,0.057687,0.086551
q_ind_91_pop_6,0.000088,0.000001,0.000000,0.000855
q_ind_92_pop_6,0.000039,0.000000,0.000000,0.000388
q_ind_93_pop_6,0.000052,0.000000,0.000000,0.000500
q_ind_94_pop_6,0.000238,0.000002,0.000000,0.002330
q_ind_95_pop_6,0.012120,0.012335,0.000000,0.029470
q_ind_96_pop_6,0.011201,0.011161,0.000000,0.028146
q_ind_97_pop_6,0.049918,0.049782,0.034391,0.065779
q_ind_98_pop_6,0.000517,0.000004,0.000000,0.004975
q_ind_99_pop_6,0.003208,0.000187,0.000000,0.018872
q_ind_100_pop_6,0.000348,0.000003,0.000000,0.003266
q_ind_101_pop_6,0.000157,0.000001,0.000000,0.001551
q_ind_102_pop_6,0.000760,0.000006,0.000000,0.007501
q_ind_103_pop_6,0.045366,0.045103,0.028955,0.063469
q_ind_104_pop_6,0.003234,0.000209,0.000000,0.018648
q_ind_105_pop_6,0.022134,0.022558,0.002349,0.037274
q_ind_106_pop_6,0.110375,0.110233,0.092593,0.128359
q_ind_107_pop_6,0.000495,0.000004,0.000000,0.004899
q_ind_108_pop_6,0.009234,0.002449,0.000000,0.035494
q_ind_109_pop_6,0.010135,0.005954,0.000000,0.035532
q_ind_110_pop_6,0.000029,0.000000,0.000000,0.000284
q_ind_111_pop_6,0.046770,0.046845,0.029991,0.062873
q_ind_112_pop_6,0.000029,0.000000,0.000000,0.000280
q_ind_113_pop_6,0.000031,0.000000,0.000000,0.000308
q_ind_114_pop_6,0.000040,0.000000,0.000000,0.000380
q_ind_115_pop_6,0.031257,0.031225,0.015978,0.046155
q_ind_116_pop_6,0.000045,0.000000,0.000000,0.000437
q_ind_117_pop_6,0.014793,0.015092,0.000000,0.032439
q_ind_118_pop_6,0.000458,0.000003,0.000000,0.004337
q_ind_119_pop_6,0.005065,0.001548,0.000000,0.021365
q_ind_120_pop_6,0.000114,0.000001,0.000000,0.001117
q_ind_121_pop_6,0.000361,0.000003,0.000000,0.003541
q_ind_122_pop_6,0.038792,0.038725,0.023848,0.053994
q_ind_123_pop_6,0.000337,0.000002,0.000000,0.003375
q_ind_124_pop_6,0.000799,0.000007,0.000000,0.007335
q_ind_125_pop_6,0.000360,0.000003,0.000000,0.003593
q_ind_126_pop_6,0.000061,0.000000,0.000000,0.000578
q_ind_127_pop_6,0.001389,0.000030,0.000000,0.010233
q_ind_128_pop_6,0.000058,0.000000,0.000000,0.000571
q_ind_129_pop_6,0.062739,0.062780,0.045969,0.079389
q_ind_130_pop_6,0.001048,0.000011,0.000000,0.009356
q_ind_131_pop_6,0.030179,0.036118,0.000000,0.051303
q_ind_132_pop_6,0.038123,0.038060,0.021399,0.055556
q_ind_133_pop_6,0.000584,0.000006,0.000000,0.005472
q_ind_134_pop_6,0.000682,0.000007,0.000000,0.006148
q_ind_135_pop_6,0.004416,0.001028,0.000000,0.019769
q_ind_136_pop_6,0.000291,0.000002,0.000000,0.002902
q_ind_137_pop_6,0.039420,0.039476,0.024033,0.054481
q_ind_138_pop_6,0.056290,0.056222,0.041322,0.071505
q_ind_139_pop_6,0.050856,0.050791,0.033915,0.067615
q_ind_140_pop_6,0.012232,0.012541,0.000000,0.030096
q_ind_141_pop_6,0.061666,0.061326,0.044678,0.080221
q_ind_142_pop_6,0.050877,0.050966,0.035054,0.066504
q_ind_143_pop_6,0.004418,0.000525,0.000000,0.021254
q_ind_144_pop_6,0.006829,0.003516,0.000000,0.025278
q_ind_145_pop_6,0.000530,0.000004,0.000000,0.005111
q_ind_146_pop_6,0.033031,0.033243,0.015462,0.049305
q_ind_147_pop_6,0.019896,0.020434,0.000000,0.036817
q_ind_148_pop_6,0.039218,0.039329,0.020068,0.057408
q_ind_0_pop_7,0.094472,0.094398,0.077766,0.111775
q_ind_1_pop_7,0.000026,0.000000,0.000000,0.000253
q_ind_2_pop_7,0.000034,0.000000,0.000000,0.000323
q_ind_3_pop_7,0.000019,0.000000,0.000000,0.000182
q_ind_4_pop_7,0.000025,0.000000,0.000000,0.000246
q_ind_5_pop_7,0.007195,0.006193,0.000000,0.021740
q_ind_6_pop_7,0.000025,0.000000,0.000000,0.000234
q_ind_7_pop_7,0.000026,0.000000,0.000000,0.000254
q_ind_8_pop_7,0.000025,0.000000,0.000000,0.000234
q_ind_9_pop_7,0.000030,0.000000,0.000000,0.000289
q_ind_10_pop_7,0.000021,0.000000,0.000000,0.000202
q_ind_11_pop_7,0.053237,0.066889,0.000000,0.088123
q_ind_12_pop_7,0.052540,0.066444,0.000000,0.085016
q_ind_13_pop_7,0.049627,0.062517,0.000000,0.081348
q_ind_14_pop_7,0.109274,0.109180,0.092251,0.126618
q_ind_15_pop_7,0.174954,0.175001,0.158245,0.191471
q_ind_16_pop_7,0.114081,0.114117,0.096053,0.131974
q_ind_17_pop_7,0.041499,0.041257,0.022910,0.061181
q_ind_18_pop_7,0.017804,0.018179,0.000000,0.036244
q_ind_19_pop_7,0.000187,0.000001,0.000000,0.001832
q_ind_20_pop_7,0.006401,0.001437,0.000000,0.028277
q_ind_21_pop_7,0.000193,0.000001,0.000000,0.001837
q_ind_22_pop_7,0.048675,0.048611,0.032352,0.064937
q_ind_23_pop_7,0.079943,0.079891,0.063988,0.096047
q_ind_24_pop_7,0.049354,0.049283,0.032679,0.066448
q_ind_25_pop_7,0.000367,0.000003,0.000000,0.003516
q_ind_26_pop_7,0.001010,0.000012,0.000000,0.009085
q_ind_27_pop_7,0.082952,0.082886,0.067507,0.098968
q_ind_28_pop_7,0.015434,0.016005,0.000000,0.033332
q_ind_29_pop_7,0.013204,0.013002,0.000000,0.034880
q_ind_30_pop_7,0.025708,0.025756,0.000005,0.048798
q_ind_31_pop_7,0.024399,0.025403,0.000000,0.051196
q_ind_32_pop_7,0.015641,0.016176,0.000000,0.032562
q_ind_33_pop_7,0.022454,0.022514,0.005080,0.039224
q_ind_34_pop_7,0.115415,0.115276,0.098009,0.133616
q_ind_35_pop_7,0.182152,0.182178,0.165127,0.199313
q_ind_36_pop_7,0.053805,0.053669,0.037469,0.071072
q_ind_37_pop_7,0.092157,0.092172,0.074433,0.109402
q_ind_38_pop_7,0.057395,0.057268,0.040025,0.075031
q_ind_39_pop_7,0.040877,0.040815,0.024679,0.057413
q_ind_40_pop_7,0.000042,0.000000,0.000000,0.000421
q_ind_41_pop_7,0.000048,0.000000,0.000000,0.000464
q_ind_42_pop_7,0.000046,0.000000,0.000000,0.000449
q_ind_43_pop_7,0.092253,0.092251,0.076519,0.107935
q_ind_44_pop_7,0.149782,0.149584,0.131524,0.168960
q_ind_45_pop_7,0.053933,0.053811,0.037396,0.070860
q_ind_46_pop_7,0.143476,0.143446,0.124846,0.162308
q_ind_47_pop_7,0.074748,0.074714,0.060774,0.089428
q_ind_48_pop_7,0.224398,0.224404,0.207808,0.241109
q_ind_49_pop_7,0.111155,0.111215,0.092436,0.129904
q_ind_50_pop_7,0.086388,0.086412,0.069972,0.103289
q_ind_51_pop_7,0.085879,0.085741,0.067820,0.104377
q_ind_52_pop_7,0.000301,0.000002,0.000000,0.002988
q_ind_53_pop_7,0.037143,0.037106,0.022795,0.051525
q_ind_54_pop_7,0.071327,0.071313,0.055799,0.086985
q_ind_55_pop_7,0.059086,0.058989,0.042745,0.075840
q_ind_56_pop_7,0.000024,0.000000,0.000000,0.000235
q_ind_57_pop_7,0.000034,0.000000,0.000000,0.000326
q_ind_58_pop_7,0.000020,0.000000,0.000000,0.000189
q_ind_59_pop_7,0.024399,0.024402,0.013665,0.035345
q_ind_60_pop_7,0.000026,0.000000,0.000000,0.000252
q_ind_61_pop_7,0.000051,0.000000,0.000000,0.000494
q_ind_62_pop_7,0.000021,0.000000,0.000000,0.000199
q_ind_63_pop_7,0.001129,0.000015,0.000000,0.009418
q_ind_64_pop_7,0.000044,0.000000,0.000000,0.000424
q_ind_65_pop_7,0.031253,0.031247,0.021626,0.041227
q_ind_66_pop_7,0.000031,0.000000,0.000000,0.000300
q_ind_67_pop_7,0.000217,0.000002,0.000000,0.002027
q_ind_68_pop_7,0.000029,0.000000,0.000000,0.000280
q_ind_69_pop_7,0.000165,0.000001,0.000000,0.001656
q_ind_70_pop_7,0.000030,0.000000,0.000000,0.000290
q_ind_71_pop_7,0.000159,0.000001,0.000000,0.001554
q_ind_72_pop_7,0.000034,0.000000,0.000000,0.000325
q_ind_73_pop_7,0.000052,0.000000,0.000000,0.000500
q_ind_74_pop_7,0.000023,0.000000,0.000000,0.000225
q_ind_75_pop_7,0.000023,0.000000,0.000000,0.000224
q_ind_76_pop_7,0.000039,0.000000,0.000000,0.000361
q_ind_77_pop_7,0.000227,0.000001,0.000000,0.002300
q_ind_78_pop_7,0.000020,0.000000,0.000000,0.000204
q_ind_79_pop_7,0.000038,0.000000,0.000000,0.000363
q_ind_80_pop_7,0.000022,0.000000,0.000000,0.000213
q_ind_81_pop_7,0.000024,0.000000,0.000000,0.000241
q_ind_82_pop_7,0.054612,0.054502,0.040918,0.068860
q_ind_83_pop_7,0.000178,0.000001,0.000000,0.001711
q_ind_84_pop_7,0.000068,0.000001,0.000000,0.000655
q_ind_85_pop_7,0.049658,0.049630,0.034265,0.065598
q_ind_86_pop_7,0.000031,0.000000,0.000000,0.000302
q_ind_87_pop_7,0.000078,0.000001,0.000000,0.000777
q_ind_88_pop_7,0.000384,0.000003,0.000000,0.003698
q_ind_89_pop_7,0.000030,0.000000,0.000000,0.000288
q_ind_90_pop_7,0.000572,0.000005,0.000000,0.005460
q_ind_91_pop_7,0.000060,0.000000,0.000000,0.000591
q_ind_92_pop_7,0.000035,0.000000,0.000000,0.000342
q_ind_93_pop_7,0.000031,0.000000,0.000000,0.000302
q_ind_94_pop_7,0.130633,0.130617,0.112576,0.148375
q_ind_95_pop_7,0.121418,0.121420,0.104923,0.138060
q_ind_96_pop_7,0.091599,0.091580,0.075465,0.108063
q_ind_97_pop_7,0.010543,0.010115,0.000000,0.028894
q_ind_98_pop_7,0.051223,0.050990,0.035009,0.068222
q_ind_99_pop_7,0.092362,0.092479,0.073921,0.110778
q_ind_100_pop_7,0.114184,0.114238,0.097200,0.131035
q_ind_101_pop_7,0.118673,0.118442,0.098149,0.140640
q_ind_102_pop_7,0.048892,0.048869,0.032761,0.065099
q_ind_103_pop_7,0.034347,0.034208,0.018081,0.051266
q_ind_104_pop_7,0.172428,0.172439,0.155292,0.189750
q_ind_105_pop_7,0.082905,0.082812,0.067815,0.098533
q_ind_106_pop_7,0.000157,0.000001,0.000000,0.001514
q_ind_107_pop_7,0.108197,0.108184,0.090640,0.125816
q_ind_108_pop_7,0.121760,0.121394,0.102521,0.142693
q_ind_109_pop_7,0.123839,0.123769,0.105747,0.142827
q_ind_110_pop_7,0.999762,0.999841,0.999091,0.999995
q_ind_111_pop_7,0.101662,0.101631,0.084664,0.118962
q_ind_112_pop_7,0.999749,0.999831,0.999039,0.999995
q_ind_113_pop_7,0.999729,0.999816,0.998978,0.999995
q_ind_114_pop_7,0.999699,0.999797,0.998850,0.999994
q_ind_115_pop_7,0.087750,0.087787,0.073109,0.102186
q_ind_116_pop_7,0.999569,0.999715,0.998310,0.999992
q_ind_117_pop_7,0.051297,0.051139,0.036233,0.067233
q_ind_118_pop_7,0.000813,0.000009,0.000000,0.007352
q_ind_119_pop_7,0.040966,0.040839,0.025090,0.057481
q_ind_120_pop_7,0.000650,0.000006,0.000000,0.006043
q_ind_121_pop_7,0.000334,0.000002,0.000000,0.003318
q_ind_122_pop_7,0.036876,0.036904,0.021780,0.051778
q_ind_123_pop_7,0.005018,0.002121,0.000000,0.019721
q_ind_124_pop_7,0.009768,0.006873,0.000000,0.032470
q_ind_125_pop_7,0.110659,0.108714,0.090698,0.137477
q_ind_126_pop_7,0.008390,0.000015,0.000000,0.044075
q_ind_127_pop_7,0.100613,0.100681,0.083164,0.117824
q_ind_128_pop_7,0.007945,0.000014,0.000000,0.042765
q_ind_129_pop_7,0.015836,0.016573,0.000000,0.036813
q_ind_130_pop_7,0.178409,0.178347,0.162079,0.195390
q_ind_131_pop_7,0.043872,0.041280,0.025773,0.070268
q_ind_132_pop_7,0.113293,0.113349,0.096314,0.129901
q_ind_133_pop_7,0.000558,0.000005,0.000000,0.005293
q_ind_134_pop_7,0.027185,0.027154,0.012079,0.042341
q_ind_135_pop_7,0.055144,0.055214,0.038933,0.071243
q_ind_136_pop_7,0.039780,0.039778,0.025428,0.054358
q_ind_137_pop_7,0.000082,0.000001,0.000000,0.000802
q_ind_138_pop_7,0.050018,0.049974,0.034491,0.065416
q_ind_139_pop_7,0.019786,0.020324,0.000000,0.036875
q_ind_140_pop_7,0.033673,0.033598,0.018075,0.049302
q_ind_141_pop_7,0.000780,0.000007,0.000000,0.007337
q_ind_142_pop_7,0.018419,0.019171,0.000000,0.036916
q_ind_143_pop_7,0.000509,0.000004,0.000000,0.004654
q_ind_144_pop_7,0.018801,0.019438,0.000000,0.042150
q_ind_145_pop_7,0.017060,0.017974,0.000000,0.036916
q_ind_146_pop_7,0.084519,0.084516,0.067858,0.100882
q_ind_147_pop_7,0.077616,0.077522,0.060518,0.095028
q_ind_148_pop_7,0.086130,0.086019,0.066375,0.105842
q_ind_0_pop_8,0.000313,0.000003,0.000000,0.003015
q_ind_1_pop_8,0.000023,0.000000,0.000000,0.000211
q_ind_2_pop_8,0.000025,0.000000,0.000000,0.000249
q_ind_3_pop_8,0.000017,0.000000,0.000000,0.000169
q_ind_4_pop_8,0.000022,0.000000,0.000000,0.000211
q_ind_5_pop_8,0.001218,0.000016,0.000000,0.009754
q_ind_6_pop_8,0.000021,0.000000,0.000000,0.000207
q_ind_7_pop_8,0.000024,0.000000,0.000000,0.000230
q_ind_8_pop_8,0.000024,0.000000,0.000000,0.000238
q_ind_9_pop_8,0.000028,0.000000,0.000000,0.000279
q_ind_10_pop_8,0.000021,0.000000,0.000000,0.000200
q_ind_11_pop_8,0.001989,0.000019,0.000000,0.015925
q_ind_12_pop_8,0.000599,0.000003,0.000000,0.006453
q_ind_13_pop_8,0.001039,0.000005,0.000000,0.010441
q_ind_14_pop_8,0.000131,0.000001,0.000000,0.001213
q_ind_15_pop_8,0.001062,0.000013,0.000000,0.009285
q_ind_16_pop_8,0.000356,0.000003,0.000000,0.003405
q_ind_17_pop_8,0.001001,0.000008,0.000000,0.009417
q_ind_18_pop_8,0.017090,0.017907,0.000000,0.037007
q_ind_19_pop_8,0.002378,0.000049,0.000000,0.017158
q_ind_20_pop_8,0.025098,0.025422,0.002955,0.042094
q_ind_21_pop_8,0.002226,0.000035,0.000000,0.016851
q_ind_22_pop_8,0.092425,0.092306,0.076132,0.109060
q_ind_23_pop_8,0.035241,0.035264,0.019455,0.051066
q_ind_24_pop_8,0.061119,0.061009,0.045324,0.077350
q_ind_25_pop_8,0.000973,0.000010,0.000000,0.008705
q_ind_26_pop_8,0.018870,0.019783,0.000000,0.039247
q_ind_27_pop_8,0.047229,0.047180,0.030749,0.063768
q_ind_28_pop_8,0.033211,0.033458,0.013657,0.051335
q_ind_29_pop_8,0.019141,0.020123,0.000000,0.037644
q_ind_30_pop_8,0.004413,0.000422,0.000000,0.023302
q_ind_31_pop_8,0.002362,0.000069,0.000000,0.017175
q_ind_32_pop_8,0.034779,0.034796,0.018656,0.050826
q_ind_33_pop_8,0.011399,0.010787,0.000000,0.031566
q_ind_34_pop_8,0.000308,0.000002,0.000000,0.002900
q_ind_35_pop_8,0.001311,0.000017,0.000000,0.011148
q_ind_36_pop_8,0.000498,0.000005,0.000000,0.004707
q_ind_37_pop_8,0.002231,0.000157,0.000000,0.013148
q_ind_38_pop_8,0.000191,0.000001,0.000000,0.001845
q_ind_39_pop_8,0.028172,0.027913,0.011738,0.046410
q_ind_40_pop_8,0.000039,0.000000,0.000000,0.000381
q_ind_41_pop_8,0.000055,0.000000,0.000000,0.000537
q_ind_42_pop_8,0.000049,0.000000,0.000000,0.000461
q_ind_43_pop_8,0.001582,0.000030,0.000000,0.012150
q_ind_44_pop_8,0.038033,0.038041,0.019034,0.056289
q_ind_45_pop_8,0.008482,0.006276,0.000000,0.027860
q_ind_46_pop_8,0.022877,0.023555,0.000000,0.041485
q_ind_47_pop_8,0.058398,0.058292,0.043941,0.073180
q_ind_48_pop_8,0.000454,0.000003,0.000000,0.004404
q_ind_49_pop_8,0.001044,0.000010,0.000000,0.009134
q_ind_50_pop_8,0.033285,0.033385,0.015752,0.050130
q_ind_51_pop_8,0.001079,0.000016,0.000000,0.008864
q_ind_52_pop_8,0.000091,0.000001,0.000000,0.000855
q_ind_53_pop_8,0.004315,0.000658,0.000000,0.019892
q_ind_54_pop_8,0.001274,0.000023,0.000000,0.009998
q_ind_55_pop_8,0.000211,0.000002,0.000000,0.001998
q_ind_56_pop_8,0.000031,0.000000,0.000000,0.000292
q_ind_57_pop_8,0.000042,0.000000,0.000000,0.000397
q_ind_58_pop_8,0.000022,0.000000,0.000000,0.000208
q_ind_59_pop_8,0.013676,0.014059,0.000000,0.026071
q_ind_60_pop_8,0.000034,0.000000,0.000000,0.000335
q_ind_61_pop_8,0.000072,0.000001,0.000000,0.000716
q_ind_62_pop_8,0.000021,0.000000,0.000000,0.000204
q_ind_63_pop_8,0.164442,0.164311,0.146495,0.182736
q_ind_64_pop_8,0.000061,0.000000,0.000000,0.000604
q_ind_65_pop_8,0.020753,0.020673,0.010318,0.031684
q_ind_66_pop_8,0.999704,0.999801,0.998861,0.999994
q_ind_67_pop_8,0.367059,0.367039,0.349913,0.384483
q_ind_68_pop_8,0.999669,0.999780,0.998744,0.999994
q_ind_69_pop_8,0.333416,0.333364,0.317001,0.349959
q_ind_70_pop_8,0.999723,0.999816,0.998929,0.999995
q_ind_71_pop_8,0.378054,0.378083,0.360174,0.396255
q_ind_72_pop_8,0.999677,0.999790,0.998729,0.999994
q_ind_73_pop_8,0.999540,0.999690,0.998222,0.999992
q_ind_74_pop_8,0.000026,0.000000,0.000000,0.000250
q_ind_75_pop_8,0.000026,0.000000,0.000000,0.000254
q_ind_76_pop_8,0.000045,0.000000,0.000000,0.000435
q_ind_77_pop_8,0.048199,0.048166,0.030481,0.065905
q_ind_78_pop_8,0.000026,0.000000,0.000000,0.000252
q_ind_79_pop_8,0.000053,0.000000,0.000000,0.000505
q_ind_80_pop_8,0.000026,0.000000,0.000000,0.000261
q_ind_81_pop_8,0.000030,0.000000,0.000000,0.000296
q_ind_82_pop_8,0.158208,0.158178,0.141544,0.174960
q_ind_83_pop_8,0.048151,0.048212,0.031020,0.065250
q_ind_84_pop_8,0.000087,0.000001,0.000000,0.000829
q_ind_85_pop_8,0.137885,0.137803,0.121176,0.154786
q_ind_86_pop_8,0.000054,0.000000,0.000000,0.000526
q_ind_87_pop_8,0.000079,0.000001,0.000000,0.000777
q_ind_88_pop_8,0.060927,0.060884,0.046193,0.075701
q_ind_89_pop_8,0.000043,0.000000,0.000000,0.000420
q_ind_90_pop_8,0.061836,0.061845,0.046607,0.077093
q_ind_91_pop_8,0.000088,0.000001,0.000000,0.000860
q_ind_92_pop_8,0.000057,0.000000,0.000000,0.000552
q_ind_93_pop_8,0.000051,0.000000,0.000000,0.000498
q_ind_94_pop_8,0.000554,0.000004,0.000000,0.005424
q_ind_95_pop_8,0.000188,0.000001,0.000000,0.001800
q_ind_96_pop_8,0.006502,0.002695,0.000000,0.024800
q_ind_97_pop_8,0.000488,0.000003,0.000000,0.004843
q_ind_98_pop_8,0.005235,0.001120,0.000000,0.023534
q_ind_99_pop_8,0.001709,0.000025,0.000000,0.012911
q_ind_100_pop_8,0.000249,0.000002,0.000000,0.002565
q_ind_101_pop_8,0.000149,0.000001,0.000000,0.001450
q_ind_102_pop_8,0.000563,0.000005,0.000000,0.005352
q_ind_103_pop_8,0.020691,0.021111,0.000003,0.036965
q_ind_104_pop_8,0.001177,0.000011,0.000000,0.010605
q_ind_105_pop_8,0.045683,0.045757,0.028731,0.062125
q_ind_106_pop_8,0.114509,0.114524,0.095711,0.133358
q_ind_107_pop_8,0.005529,0.001013,0.000000,0.026382
q_ind_108_pop_8,0.049472,0.049487,0.032677,0.066172
q_ind_109_pop_8,0.058626,0.058651,0.041719,0.075638
q_ind_110_pop_8,0.000027,0.000000,0.000000,0.000268
q_ind_111_pop_8,0.063284,0.063302,0.046334,0.080444
q_ind_112_pop_8,0.000028,0.000000,0.000000,0.000271
q_ind_113_pop_8,0.000030,0.000000,0.000000,0.000280
q_ind_114_pop_8,0.000033,0.000000,0.000000,0.000313
q_ind_115_pop_8,0.078107,0.078091,0.063105,0.093296
q_ind_116_pop_8,0.000037,0.000000,0.000000,0.000363
q_ind_117_pop_8,0.007044,0.003710,0.000000,0.026623
q_ind_118_pop_8,0.029064,0.029429,0.009958,0.045975
q_ind_119_pop_8,0.062647,0.062642,0.046353,0.078902
q_ind_120_pop_8,0.008486,0.006281,0.000000,0.028266
q_ind_121_pop_8,0.016469,0.017319,0.000000,0.035691
q_ind_122_pop_8,0.002752,0.000116,0.000000,0.017439
q_ind_123_pop_8,0.029731,0.029847,0.012937,0.045714
q_ind_124_pop_8,0.000218,0.000002,0.000000,0.002143
q_ind_125_pop_8,0.000197,0.000001,0.000000,0.001913
q_ind_126_pop_8,0.000106,0.000001,0.000000,0.001032
q_ind_127_pop_8,0.074817,0.074833,0.058692,0.090871
q_ind_128_pop_8,0.000106,0.000001,0.000000,0.001030
q_ind_129_pop_8,0.047725,0.047650,0.030748,0.065240
q_ind_130_pop_8,0.000285,0.000002,0.000000,0.002757
q_ind_131_pop_8,0.000196,0.000001,0.000000,0.001881
q_ind_132_pop_8,0.033831,0.033914,0.015678,0.051365
q_ind_133_pop_8,0.000194,0.000002,0.000000,0.001850
q_ind_134_pop_8,0.065099,0.065109,0.049393,0.080985
q_ind_135_pop_8,0.058934,0.058891,0.042445,0.075389
q_ind_136_pop_8,0.087234,0.087161,0.071371,0.103547
q_ind_137_pop_8,0.084132,0.084260,0.067454,0.100451
q_ind_138_pop_8,0.000603,0.000005,0.000000,0.005842
q_ind_139_pop_8,0.071615,0.071466,0.054976,0.089100
q_ind_140_pop_8,0.097357,0.097341,0.080119,0.114412
q_ind_141_pop_8,0.021723,0.022137,0.000441,0.038936
q_ind_142_pop_8,0.000087,0.000001,0.000000,0.000842
q_ind_143_pop_8,0.112482,0.112397,0.095336,0.129497
q_ind_144_pop_8,0.034614,0.034495,0.018087,0.051424
q_ind_145_pop_8,0.003887,0.000420,0.000000,0.020003
q_ind_146_pop_8,0.000422,0.000003,0.000000,0.004195
q_ind_147_pop_8,0.000511,0.000004,0.000000,0.005003
q_ind_148_pop_8,0.000951,0.000010,0.000000,0.008582
q_ind_0_pop_9,0.020515,0.020977,0.000027,0.035403
q_ind_1_pop_9,0.999773,0.999847,0.999137,0.999996
q_ind_2_pop_9,0.999751,0.999832,0.999045,0.999995
q_ind_3_pop_9,0.999829,0.999885,0.999352,0.999997
q_ind_4_pop_9,0.999795,0.999862,0.999207,0.999996
q_ind_5_pop_9,0.709259,0.709280,0.696139,0.722096
q_ind_6_pop_9,0.999787,0.999854,0.999195,0.999996
q_ind_7_pop_9,0.999781,0.999852,0.999168,0.999996
q_ind_8_pop_9,0.999767,0.999845,0.999111,0.999995
q_ind_9_pop_9,0.999685,0.999788,0.998804,0.999994
q_ind_10_pop_9,0.999806,0.999869,0.999269,0.999996
q_ind_11_pop_9,0.021058,0.024124,0.000000,0.045046
q_ind_12_pop_9,0.023546,0.028355,0.000000,0.045857
q_ind_13_pop_9,0.020037,0.023481,0.000000,0.042025
q_ind_14_pop_9,0.057569,0.057489,0.043434,0.072095
q_ind_15_pop_9,0.035491,0.035520,0.021495,0.049701
q_ind_16_pop_9,0.036861,0.036800,0.020636,0.053074
q_ind_17_pop_9,0.002656,0.000145,0.000000,0.015361
q_ind_18_pop_9,0.000555,0.000006,0.000000,0.004943
q_ind_19_pop_9,0.000103,0.000001,0.000000,0.001026
q_ind_20_pop_9,0.000295,0.000002,0.000000,0.002792
q_ind_21_pop_9,0.000097,0.000001,0.000000,0.000906
q_ind_22_pop_9,0.000099,0.000001,0.000000,0.000942
q_ind_23_pop_9,0.053285,0.053273,0.038687,0.067841
q_ind_24_pop_9,0.038345,0.038311,0.023881,0.053129
q_ind_25_pop_9,0.090077,0.090047,0.075266,0.105059
q_ind_26_pop_9,0.027111,0.027208,0.012169,0.041967
q_ind_27_pop_9,0.002381,0.000090,0.000000,0.014574
q_ind_28_pop_9,0.020315,0.020313,0.003367,0.035811
q_ind_29_pop_9,0.017014,0.017320,0.000021,0.030670
q_ind_30_pop_9,0.000534,0.000005,0.000000,0.004981
q_ind_31_pop_9,0.001404,0.000017,0.000000,0.011735
q_ind_32_pop_9,0.003032,0.000176,0.000000,0.016467
q_ind_33_pop_9,0.065492,0.065452,0.049696,0.081599
q_ind_34_pop_9,0.016042,0.016533,0.000000,0.031764
q_ind_35_pop_9,0.100002,0.100016,0.085013,0.115011
q_ind_36_pop_9,0.052525,0.052518,0.036767,0.068454
q_ind_37_pop_9,0.117387,0.117671,0.098818,0.134285
q_ind_38_pop_9,0.000931,0.000011,0.000000,0.008337
q_ind_39_pop_9,0.026186,0.026566,0.008256,0.042678
q_ind_40_pop_9,0.000078,0.000001,0.000000,0.000730
q_ind_41_pop_9,0.000106,0.000001,0.000000,0.001043
q_ind_42_pop_9,0.000053,0.000000,0.000000,0.000527
q_ind_43_pop_9,0.004539,0.000891,0.000000,0.020510
q_ind_44_pop_9,0.031150,0.031004,0.016381,0.046562
q_ind_45_pop_9,0.070721,0.070722,0.054795,0.086551
q_ind_46_pop_9,0.053268,0.053304,0.037080,0.069480
q_ind_47_pop_9,0.020259,0.020491,0.005037,0.033699
q_ind_48_pop_9,0.002729,0.000181,0.000000,0.014907
q_ind_49_pop_9,0.056279,0.056287,0.041103,0.072067
q_ind_50_pop_9,0.037863,0.037766,0.022506,0.053882
q_ind_51_pop_9,0.028159,0.027672,0.009936,0.048480
q_ind_52_pop_9,0.039548,0.039484,0.025357,0.054217
q_ind_53_pop_9,0.030834,0.030813,0.017604,0.044376
q_ind_54_pop_9,0.000130,0.000001,0.000000,0.001263
q_ind_55_pop_9,0.060685,0.060563,0.046822,0.075191
q_ind_56_pop_9,0.000023,0.000000,0.000000,0.000228
q_ind_57_pop_9,0.000032,0.000000,0.000000,0.000300
q_ind_58_pop_9,0.000019,0.000000,0.000000,0.000186
q_ind_59_pop_9,0.000468,0.000005,0.000000,0.004394
q_ind_60_pop_9,0.000025,0.000000,0.000000,0.000243
q_ind_61_pop_9,0.000051,0.000000,0.000000,0.000493
q_ind_62_pop_9,0.000021,0.000000,0.000000,0.000204
q_ind_63_pop_9,0.005737,0.002211,0.000000,0.022682
q_ind_64_pop_9,0.000034,0.000000,0.000000,0.000328
q_ind_65_pop_9,0.000640,0.000010,0.000000,0.005306
q_ind_66_pop_9,0.000027,0.000000,0.000000,0.000259
q_ind_67_pop_9,0.000196,0.000001,0.000000,0.001902
q_ind_68_pop_9,0.000027,0.000000,0.000000,0.000266
q_ind_69_pop_9,0.000224,0.000001,0.000000,0.002191
q_ind_70_pop_9,0.000027,0.000000,0.000000,0.000261
q_ind_71_pop_9,0.000153,0.000001,0.000000,0.001465
q_ind_72_pop_9,0.000027,0.000000,0.000000,0.000265
q_ind_73_pop_9,0.000037,0.000000,0.000000,0.000355
q_ind_74_pop_9,0.000019,0.000000,0.000000,0.000194
q_ind_75_pop_9,0.000021,0.000000,0.000000,0.000209
q_ind_76_pop_9,0.000033,0.000000,0.000000,0.000321
q_ind_77_pop_9,0.000491,0.000005,0.000000,0.004820
q_ind_78_pop_9,0.000018,0.000000,0.000000,0.000175
q_ind_79_pop_9,0.000031,0.000000,0.000000,0.000298
q_ind_80_pop_9,0.000019,0.000000,0.000000,0.000186
q_ind_81_pop_9,0.000020,0.000000,0.000000,0.000194
q_ind_82_pop_9,0.005970,0.004442,0.000000,0.019579
q_ind_83_pop_9,0.000485,0.000004,0.000000,0.004500
q_ind_84_pop_9,0.000051,0.000000,0.000000,0.000494
q_ind_85_pop_9,0.000111,0.000001,0.000000,0.001080
q_ind_86_pop_9,0.000036,0.000000,0.000000,0.000343
q_ind_87_pop_9,0.000070,0.000000,0.000000,0.000656
q_ind_88_pop_9,0.009958,0.008966,0.000000,0.028738
q_ind_89_pop_9,0.000035,0.000000,0.000000,0.000341
q_ind_90_pop_9,0.005323,0.000765,0.000000,0.023525
q_ind_91_pop_9,0.000060,0.000000,0.000000,0.000585
q_ind_92_pop_9,0.000033,0.000000,0.000000,0.000305
q_ind_93_pop_9,0.000037,0.000000,0.000000,0.000366
q_ind_94_pop_9,0.114663,0.114850,0.096353,0.131653
q_ind_95_pop_9,0.092211,0.092370,0.075401,0.108204
q_ind_96_pop_9,0.076824,0.076813,0.061539,0.092440
q_ind_97_pop_9,0.091643,0.091596,0.076509,0.107127
q_ind_98_pop_9,0.019182,0.019485,0.001036,0.034352
q_ind_99_pop_9,0.133841,0.133923,0.115775,0.151630
q_ind_100_pop_9,0.098851,0.098994,0.081710,0.115176
q_ind_101_pop_9,0.036440,0.036276,0.021798,0.051993
q_ind_102_pop_9,0.097404,0.097466,0.082195,0.112812
q_ind_103_pop_9,0.045624,0.045607,0.030263,0.061183
q_ind_104_pop_9,0.095506,0.095502,0.080721,0.110634
q_ind_105_pop_9,0.034203,0.034109,0.020804,0.047795
q_ind_106_pop_9,0.004383,0.000694,0.000000,0.020173
q_ind_107_pop_9,0.003515,0.000534,0.000000,0.016716
q_ind_108_pop_9,0.000300,0.000002,0.000000,0.002939
q_ind_109_pop_9,0.000403,0.000003,0.000000,0.003791
q_ind_110_pop_9,0.000028,0.000000,0.000000,0.000276
q_ind_111_pop_9,0.065257,0.065129,0.050769,0.080179
q_ind_112_pop_9,0.000030,0.000000,0.000000,0.000280
q_ind_113_pop_9,0.000030,0.000000,0.000000,0.000298
q_ind_114_pop_9,0.000033,0.000000,0.000000,0.000301
q_ind_115_pop_9,0.051457,0.051437,0.038383,0.064506
q_ind_116_pop_9,0.000060,0.000000,0.000000,0.000587
q_ind_117_pop_9,0.004316,0.000851,0.000000,0.019592
q_ind_118_pop_9,0.071922,0.071841,0.057200,0.086903
q_ind_119_pop_9,0.048961,0.048897,0.034944,0.063255
q_ind_120_pop_9,0.042344,0.042345,0.026966,0.057902
q_ind_121_pop_9,0.001062,0.000012,0.000000,0.009395
q_ind_122_pop_9,0.018466,0.018826,0.001389,0.031892
q_ind_123_pop_9,0.030876,0.030853,0.017215,0.044523
q_ind_124_pop_9,0.099361,0.099281,0.083034,0.115927
q_ind_125_pop_9,0.003511,0.000065,0.000000,0.023322
q_ind_126_pop_9,0.010500,0.000019,0.000000,0.051183
q_ind_127_pop_9,0.000344,0.000003,0.000000,0.003383
q_ind_128_pop_9,0.010956,0.000025,0.000000,0.053299
q_ind_129_pop_9,0.001499,0.000024,0.000000,0.012118
q_ind_130_pop_9,0.037092,0.037022,0.022974,0.051529
q_ind_131_pop_9,0.001048,0.000009,0.000000,0.009772
q_ind_132_pop_9,0.061752,0.061694,0.046445,0.077106
q_ind_133_pop_9,0.037705,0.037678,0.022611,0.053146
q_ind_134_pop_9,0.000244,0.000002,0.000000,0.002346
q_ind_135_pop_9,0.061360,0.061754,0.043760,0.077221
q_ind_136_pop_9,0.004880,0.001338,0.000000,0.020342
q_ind_137_pop_9,0.000488,0.000003,0.000000,0.004914
q_ind_138_pop_9,0.004198,0.001078,0.000000,0.017751
q_ind_139_pop_9,0.018167,0.018845,0.000002,0.033286
q_ind_140_pop_9,0.001085,0.000010,0.000000,0.009172
q_ind_141_pop_9,0.004674,0.001238,0.000000,0.019829
q_ind_142_pop_9,0.002734,0.000189,0.000000,0.015180
q_ind_143_pop_9,0.003623,0.000230,0.000000,0.018709
q_ind_144_pop_9,0.021325,0.021995,0.000001,0.038984
q_ind_145_pop_9,0.003957,0.000642,0.000000,0.018949
q_ind_146_pop_9,0.036940,0.036828,0.022526,0.051878
q_ind_147_pop_9,0.089594,0.089592,0.073767,0.105225
q_ind_148_pop_9,0.053289,0.053312,0.035958,0.070633
