param,mean,median,ci_0.950_LB,ci_0.950_UB
q_ind_0_pop_0,0.029183,0.029465,0.007306,0.048559
q_ind_1_pop_0,0.000026,0.000000,0.000000,0.000250
q_ind_2_pop_0,0.000028,0.000000,0.000000,0.000280
q_ind_3_pop_0,0.000019,0.000000,0.000000,0.000187
q_ind_4_pop_0,0.000022,0.000000,0.000000,0.000214
q_ind_5_pop_0,0.000222,0.000001,0.000000,0.002120
q_ind_6_pop_0,0.000023,0.000000,0.000000,0.000221
q_ind_7_pop_0,0.000023,0.000000,0.000000,0.000231
q_ind_8_pop_0,0.000024,0.000000,0.000000,0.000236
q_ind_9_pop_0,0.000033,0.000000,0.000000,0.000320
q_ind_10_pop_0,0.000022,0.000000,0.000000,0.000215
q_ind_11_pop_0,0.000044,0.000000,0.000000,0.000432
q_ind_12_pop_0,0.000075,0.000000,0.000000,0.000759
q_ind_13_pop_0,0.000044,0.000000,0.000000,0.000434
q_ind_14_pop_0,0.056495,0.056501,0.037384,0.075267
q_ind_15_pop_0,0.060413,0.060275,0.042172,0.079275
q_ind_16_pop_0,0.091783,0.091736,0.070582,0.113174
q_ind_17_pop_0,0.039337,0.039430,0.020916,0.057887
q_ind_18_pop_0,0.076465,0.076369,0.057704,0.095530
q_ind_19_pop_0,0.001673,0.000015,0.000000,0.014197
q_ind_20_pop_0,0.001519,0.000020,0.000000,0.012583
q_ind_21_pop_0,0.002122,0.000024,0.000000,0.016623
q_ind_22_pop_0,0.010650,0.008376,0.000000,0.033650
q_ind_23_pop_0,0.105616,0.105509,0.087607,0.124164
q_ind_24_pop_0,0.002146,0.000038,0.000000,0.015642
q_ind_25_pop_0,0.022412,0.023234,0.000000,0.043079
q_ind_26_pop_0,0.000294,0.000001,0.000000,0.002932
q_ind_27_pop_0,0.049051,0.049101,0.031727,0.066613
q_ind_28_pop_0,0.000453,0.000002,0.000000,0.004619
q_ind_29_pop_0,0.024558,0.024830,0.002325,0.042699
q_ind_30_pop_0,0.058822,0.058883,0.038910,0.078569
q_ind_31_pop_0,0.076615,0.076595,0.054428,0.098885
q_ind_32_pop_0,0.025660,0.025819,0.004945,0.045065
q_ind_33_pop_0,0.069926,0.069884,0.050476,0.089179
q_ind_34_pop_0,0.087061,0.087088,0.067647,0.105924
q_ind_35_pop_0,0.002001,0.000032,0.000000,0.014307
q_ind_36_pop_0,0.000134,0.000001,0.000000,0.001333
q_ind_37_pop_0,0.002932,0.000067,0.000000,0.017562
q_ind_38_pop_0,0.005528,0.000577,0.000000,0.025690
q_ind_39_pop_0,0.001912,0.000023,0.000000,0.015728
q_ind_40_pop_0,0.000037,0.000000,0.000000,0.000357
q_ind_41_pop_0,0.000049,0.000000,0.000000,0.000480
q_ind_42_pop_0,0.000049,0.000000,0.000000,0.000481
q_ind_43_pop_0,0.082697,0.082612,0.065016,0.100861
q_ind_44_pop_0,0.000295,0.000001,0.000000,0.002969
q_ind_45_pop_0,0.009858,0.007164,0.000000,0.032759
q_ind_46_pop_0,0.002473,0.000052,0.000000,0.016508
q_ind_47_pop_0,0.037790,0.037935,0.021687,0.053069
q_ind_48_pop_0,0.007581,0.004445,0.000000,0.026928
q_ind_49_pop_0,0.000546,0.000003,0.000000,0.005145
q_ind_50_pop_0,0.013270,0.012792,0.000000,0.035260
q_ind_51_pop_0,0.058031,0.057911,0.039367,0.077319
q_ind_52_pop_0,0.001042,0.000009,0.000000,0.009222
q_ind_53_pop_0,0.029581,0.029562,0.015836,0.043745
q_ind_54_pop_0,0.038886,0.038709,0.021456,0.057359
q_ind_55_pop_0,0.037331,0.037278,0.019594,0.055190
q_ind_56_pop_0,0.000026,0.000000,0.000000,0.000251
q_ind_57_pop_0,0.000033,0.000000,0.000000,0.000338
q_ind_58_pop_0,0.000019,0.000000,0.000000,0.000193
q_ind_59_pop_0,0.024211,0.024194,0.011084,0.037207
q_ind_60_pop_0,0.000031,0.000000,0.000000,0.000312
q_ind_61_pop_0,0.000087,0.000000,0.000000,0.000854
q_ind_62_pop_0,0.000020,0.000000,0.000000,0.000197
q_ind_63_pop_0,0.081065,0.080964,0.063723,0.098763
q_ind_64_pop_0,0.000045,0.000000,0.000000,0.000428
q_ind_65_pop_0,0.029443,0.029377,0.017557,0.041351
q_ind_66_pop_0,0.000032,0.000000,0.000000,0.000316
q_ind_67_pop_0,0.117336,0.117295,0.099712,0.135369
q_ind_68_pop_0,0.000034,0.000000,0.000000,0.000337
q_ind_69_pop_0,0.017944,0.018098,0.000774,0.032517
q_ind_70_pop_0,0.000031,0.000000,0.000000,0.000308
q_ind_71_pop_0,0.118947,0.118977,0.100490,0.137809
q_ind_72_pop_0,0.000035,0.000000,0.000000,0.000342
q_ind_73_pop_0,0.000092,0.000000,0.000000,0.000911
q_ind_74_pop_0,0.000020,0.000000,0.000000,0.000197
q_ind_75_pop_0,0.000022,0.000000,0.000000,0.000224
q_ind_76_pop_0,0.000042,0.000000,0.000000,0.000418
q_ind_77_pop_0,0.068055,0.068115,0.048872,0.087653
q_ind_78_pop_0,0.000021,0.000000,0.000000,0.000204
q_ind_79_pop_0,0.000033,0.000000,0.000000,0.000327
q_ind_80_pop_0,0.000021,0.000000,0.000000,0.000209
q_ind_81_pop_0,0.000023,0.000000,0.000000,0.000223
q_ind_82_pop_0,0.066679,0.066646,0.049509,0.084099
q_ind_83_pop_0,0.055019,0.054944,0.036667,0.073971
q_ind_84_pop_0,0.999340,0.999556,0.997494,0.999986
q_ind_85_pop_0,0.080090,0.079991,0.061785,0.098758
q_ind_86_pop_0,0.000043,0.000000,0.000000,0.000422
q_ind_87_pop_0,0.999352,0.999570,0.997543,0.999988
q_ind_88_pop_0,0.000533,0.000003,0.000000,0.005051
q_ind_89_pop_0,0.000036,0.000000,0.000000,0.000344
q_ind_90_pop_0,0.000572,0.000003,0.000000,0.005718
q_ind_91_pop_0,0.000062,0.000000,0.000000,0.000612
q_ind_92_pop_0,0.999661,0.999770,0.998715,0.999993
q_ind_93_pop_0,0.000036,0.000000,0.000000,0.000357
q_ind_94_pop_0,0.000153,0.000001,0.000000,0.001466
q_ind_95_pop_0,0.083181,0.083158,0.065487,0.101538
q_ind_96_pop_0,0.037175,0.037056,0.018348,0.055679
q_ind_97_pop_0,0.005295,0.000478,0.000000,0.026857
q_ind_98_pop_0,0.004249,0.000202,0.000000,0.023420
q_ind_99_pop_0,0.000611,0.000003,0.000000,0.005768
q_ind_100_pop_0,0.015272,0.015450,0.000000,0.034381
q_ind_101_pop_0,0.001044,0.000004,0.000000,0.010180
q_ind_102_pop_0,0.000345,0.000002,0.000000,0.003434
q_ind_103_pop_0,0.063332,0.063391,0.043610,0.082837
q_ind_104_pop_0,0.001478,0.000015,0.000000,0.012313
q_ind_105_pop_0,0.028065,0.028107,0.008855,0.046307
q_ind_106_pop_0,0.075524,0.075574,0.054823,0.095810
q_ind_107_pop_0,0.000190,0.000001,0.000000,0.001928
q_ind_108_pop_0,0.000234,0.000001,0.000000,0.002303
q_ind_109_pop_0,0.000313,0.000002,0.000000,0.002959
q_ind_110_pop_0,0.000025,0.000000,0.000000,0.000233
q_ind_111_pop_0,0.047628,0.047605,0.028856,0.066548
q_ind_112_pop_0,0.000028,0.000000,0.000000,0.000286
q_ind_113_pop_0,0.000031,0.000000,0.000000,0.000310
q_ind_114_pop_0,0.000036,0.000000,0.000000,0.000352
q_ind_115_pop_0,0.045925,0.045951,0.029189,0.062319
q_ind_116_pop_0,0.000050,0.000000,0.000000,0.000501
q_ind_117_pop_0,0.042904,0.042945,0.024993,0.060538
q_ind_118_pop_0,0.046062,0.045942,0.028225,0.064239
q_ind_119_pop_0,0.000541,0.000003,0.000000,0.005457
q_ind_120_pop_0,0.044175,0.044094,0.024195,0.063988
q_ind_121_pop_0,0.067480,0.067405,0.048052,0.087273
q_ind_122_pop_0,0.033745,0.034452,0.000126,0.053970
q_ind_123_pop_0,0.093373,0.093346,0.073995,0.112418
q_ind_124_pop_0,0.013636,0.013529,0.000000,0.036775
q_ind_125_pop_0,0.000080,0.000000,0.000000,0.000792
q_ind_126_pop_0,0.000115,0.000001,0.000000,0.001099
q_ind_127_pop_0,0.002723,0.000081,0.000000,0.018130
q_ind_128_pop_0,0.000125,0.000001,0.000000,0.001260
q_ind_129_pop_0,0.000486,0.000003,0.000000,0.004793
q_ind_130_pop_0,0.029790,0.029673,0.012957,0.046971
q_ind_131_pop_0,0.000156,0.000001,0.000000,0.001602
q_ind_132_pop_0,0.000149,0.000001,0.000000,0.001431
q_ind_133_pop_0,0.020756,0.020943,0.000055,0.037999
q_ind_134_pop_0,0.036467,0.036480,0.018152,0.054312
q_ind_135_pop_0,0.171272,0.171243,0.152216,0.190888
q_ind_136_pop_0,0.057085,0.056937,0.041192,0.073429
q_ind_137_pop_0,0.128837,0.128860,0.109757,0.147992
q_ind_138_pop_0,0.146650,0.146654,0.128728,0.164942
q_ind_139_pop_0,0.169007,0.169064,0.148957,0.188666
q_ind_140_pop_0,0.046785,0.046709,0.028254,0.066043
q_ind_141_pop_0,0.079628,0.079747,0.059915,0.098650
q_ind_142_pop_0,0.087683,0.087829,0.069198,0.105663
q_ind_143_pop_0,0.114978,0.115010,0.095139,0.134442
q_ind_144_pop_0,0.107964,0.107885,0.088156,0.128104
q_ind_145_pop_0,0.136002,0.135908,0.116869,0.155536
q_ind_146_pop_0,0.000476,0.000002,0.000000,0.004759
q_ind_147_pop_0,0.000597,0.000003,0.000000,0.005783
q_ind_148_pop_0,0.000370,0.000002,0.000000,0.003612
q_ind_0_pop_1,0.000268,0.000001,0.000000,0.002742
q_ind_1_pop_1,0.000030,0.000000,0.000000,0.000293
q_ind_2_pop_1,0.000027,0.000000,0.000000,0.000267
q_ind_3_pop_1,0.000020,0.000000,0.000000,0.000200
q_ind_4_pop_1,0.000024,0.000000,0.000000,0.000237
q_ind_5_pop_1,0.057777,0.057786,0.044301,0.071223
q_ind_6_pop_1,0.000024,0.000000,0.000000,0.000249
q_ind_7_pop_1,0.000026,0.000000,0.000000,0.000262
q_ind_8_pop_1,0.000028,0.000000,0.000000,0.000273
q_ind_9_pop_1,0.000029,0.000000,0.000000,0.000283
q_ind_10_pop_1,0.000023,0.000000,0.000000,0.000227
q_ind_11_pop_1,0.000041,0.000000,0.000000,0.000415
q_ind_12_pop_1,0.000063,0.000000,0.000000,0.000625
q_ind_13_pop_1,0.000043,0.000000,0.000000,0.000416
q_ind_14_pop_1,0.151641,0.151629,0.133186,0.170231
q_ind_15_pop_1,0.070455,0.070418,0.053149,0.087978
q_ind_16_pop_1,0.194917,0.194887,0.174381,0.215737
q_ind_17_pop_1,0.173193,0.173089,0.156602,0.190243
q_ind_18_pop_1,0.197744,0.197669,0.180264,0.215279
q_ind_19_pop_1,0.001590,0.000013,0.000000,0.014013
q_ind_20_pop_1,0.002180,0.000052,0.000000,0.014789
q_ind_21_pop_1,0.001692,0.000013,0.000000,0.015438
q_ind_22_pop_1,0.036881,0.036707,0.020370,0.053510
q_ind_23_pop_1,0.139493,0.139368,0.122269,0.157066
q_ind_24_pop_1,0.075907,0.075893,0.058396,0.093578
q_ind_25_pop_1,0.026127,0.026530,0.002866,0.043426
q_ind_26_pop_1,0.000116,0.000000,0.000000,0.001177
q_ind_27_pop_1,0.073864,0.073746,0.057974,0.090375
q_ind_28_pop_1,0.000418,0.000003,0.000000,0.004146
q_ind_29_pop_1,0.001437,0.000014,0.000000,0.011498
q_ind_30_pop_1,0.001150,0.000010,0.000000,0.009446
q_ind_31_pop_1,0.000590,0.000004,0.000000,0.005354
q_ind_32_pop_1,0.113263,0.113118,0.096082,0.130681
q_ind_33_pop_1,0.152535,0.152592,0.133969,0.171256
q_ind_34_pop_1,0.098136,0.098106,0.083576,0.112863
q_ind_35_pop_1,0.027043,0.027330,0.008904,0.043752
q_ind_36_pop_1,0.108808,0.108668,0.091151,0.126915
q_ind_37_pop_1,0.054508,0.054508,0.036447,0.072593
q_ind_38_pop_1,0.051008,0.051016,0.033458,0.068540
q_ind_39_pop_1,0.156361,0.156339,0.139217,0.173351
q_ind_40_pop_1,0.999612,0.999739,0.998515,0.999992
q_ind_41_pop_1,0.999473,0.999637,0.998011,0.999988
q_ind_42_pop_1,0.999580,0.999710,0.998427,0.999991
q_ind_43_pop_1,0.101462,0.101538,0.084253,0.118600
q_ind_44_pop_1,0.071326,0.071343,0.053335,0.089319
q_ind_45_pop_1,0.003955,0.000442,0.000000,0.019195
q_ind_46_pop_1,0.006314,0.001368,0.000000,0.027116
q_ind_47_pop_1,0.334715,0.334708,0.318519,0.351084
q_ind_48_pop_1,0.238604,0.238481,0.222286,0.255422
q_ind_49_pop_1,0.000139,0.000001,0.000000,0.001372
q_ind_50_pop_1,0.050473,0.050444,0.032719,0.068269
q_ind_51_pop_1,0.022216,0.022838,0.000000,0.041881
q_ind_52_pop_1,0.000331,0.000001,0.000000,0.003439
q_ind_53_pop_1,0.648361,0.648351,0.631135,0.665337
q_ind_54_pop_1,0.073152,0.073046,0.056817,0.089895
q_ind_55_pop_1,0.001921,0.000040,0.000000,0.013526
q_ind_56_pop_1,0.000023,0.000000,0.000000,0.000225
q_ind_57_pop_1,0.000029,0.000000,0.000000,0.000287
q_ind_58_pop_1,0.000017,0.000000,0.000000,0.000171
q_ind_59_pop_1,0.019331,0.019230,0.008564,0.030470
q_ind_60_pop_1,0.000021,0.000000,0.000000,0.000205
q_ind_61_pop_1,0.000093,0.000000,0.000000,0.000922
q_ind_62_pop_1,0.000018,0.000000,0.000000,0.000183
q_ind_63_pop_1,0.004551,0.000785,0.000000,0.020072
q_ind_64_pop_1,0.000041,0.000000,0.000000,0.000391
q_ind_65_pop_1,0.011392,0.011546,0.000036,0.021291
q_ind_66_pop_1,0.000030,0.000000,0.000000,0.000296
q_ind_67_pop_1,0.000167,0.000001,0.000000,0.001616
q_ind_68_pop_1,0.000028,0.000000,0.000000,0.000277
q_ind_69_pop_1,0.000260,0.000001,0.000000,0.002646
q_ind_70_pop_1,0.000028,0.000000,0.000000,0.000274
q_ind_71_pop_1,0.000131,0.000001,0.000000,0.001294
q_ind_72_pop_1,0.000028,0.000000,0.000000,0.000281
q_ind_73_pop_1,0.000050,0.000000,0.000000,0.000496
q_ind_74_pop_1,0.000018,0.000000,0.000000,0.000174
q_ind_75_pop_1,0.000021,0.000000,0.000000,0.000206
q_ind_76_pop_1,0.000036,0.000000,0.000000,0.000358
q_ind_77_pop_1,0.000150,0.000001,0.000000,0.001422
q_ind_78_pop_1,0.000018,0.000000,0.000000,0.000175
q_ind_79_pop_1,0.000030,0.000000,0.000000,0.000296
q_ind_80_pop_1,0.000018,0.000000,0.000000,0.000180
q_ind_81_pop_1,0.000020,0.000000,0.000000,0.000200
q_ind_82_pop_1,0.000134,0.000001,0.000000,0.001314
q_ind_83_pop_1,0.000097,0.000000,0.000000,0.000976
q_ind_84_pop_1,0.000058,0.000000,0.000000,0.000567
q_ind_85_pop_1,0.000206,0.000001,0.000000,0.002171
q_ind_86_pop_1,0.000040,0.000000,0.000000,0.000401
q_ind_87_pop_1,0.000059,0.000000,0.000000,0.000590
q_ind_88_pop_1,0.000753,0.000005,0.000000,0.007225
q_ind_89_pop_1,0.000034,0.000000,0.000000,0.000337
q_ind_90_pop_1,0.000325,0.000002,0.000000,0.003189
q_ind_91_pop_1,0.000059,0.000000,0.000000,0.000572
q_ind_92_pop_1,0.000028,0.000000,0.000000,0.000269
q_ind_93_pop_1,0.000034,0.000000,0.000000,0.000339
q_ind_94_pop_1,0.031705,0.031843,0.013890,0.049376
q_ind_95_pop_1,0.002464,0.000057,0.000000,0.016578
q_ind_96_pop_1,0.056659,0.056650,0.039926,0.073430
q_ind_97_pop_1,0.045619,0.045521,0.028374,0.063299
q_ind_98_pop_1,0.121260,0.121219,0.102734,0.140051
q_ind_99_pop_1,0.104329,0.104342,0.085103,0.123706
q_ind_100_pop_1,0.126296,0.126268,0.108315,0.144686
q_ind_101_pop_1,0.130987,0.131063,0.111705,0.150402
q_ind_102_pop_1,0.069807,0.069777,0.052393,0.086972
q_ind_103_pop_1,0.087243,0.087149,0.072864,0.101929
q_ind_104_pop_1,0.103347,0.103230,0.086871,0.119756
q_ind_105_pop_1,0.000509,0.000003,0.000000,0.005252
q_ind_106_pop_1,0.003273,0.000101,0.000000,0.019857
q_ind_107_pop_1,0.133709,0.133631,0.117749,0.149767
q_ind_108_pop_1,0.000345,0.000002,0.000000,0.003349
q_ind_109_pop_1,0.000467,0.000002,0.000000,0.004753
q_ind_110_pop_1,0.000024,0.000000,0.000000,0.000240
q_ind_111_pop_1,0.093313,0.093310,0.075638,0.110928
q_ind_112_pop_1,0.000026,0.000000,0.000000,0.000251
q_ind_113_pop_1,0.000030,0.000000,0.000000,0.000302
q_ind_114_pop_1,0.000030,0.000000,0.000000,0.000302
q_ind_115_pop_1,0.098910,0.098814,0.083796,0.114499
q_ind_116_pop_1,0.000042,0.000000,0.000000,0.000420
q_ind_117_pop_1,0.000208,0.000001,0.000000,0.002098
q_ind_118_pop_1,0.150873,0.150922,0.134361,0.167494
q_ind_119_pop_1,0.133595,0.133613,0.116138,0.151626
q_ind_120_pop_1,0.019487,0.020723,0.000000,0.040316
q_ind_121_pop_1,0.000149,0.000001,0.000000,0.001434
q_ind_122_pop_1,0.000128,0.000001,0.000000,0.001245
q_ind_123_pop_1,0.025957,0.026263,0.005582,0.043671
q_ind_124_pop_1,0.018479,0.019031,0.000000,0.038991
q_ind_125_pop_1,0.000519,0.000003,0.000000,0.004700
q_ind_126_pop_1,0.000069,0.000000,0.000000,0.000679
q_ind_127_pop_1,0.016354,0.017073,0.000000,0.037095
q_ind_128_pop_1,0.000062,0.000000,0.000000,0.000621
q_ind_129_pop_1,0.020335,0.021050,0.000000,0.039057
q_ind_130_pop_1,0.160337,0.160280,0.144830,0.176400
q_ind_131_pop_1,0.032196,0.032136,0.017273,0.047136
q_ind_132_pop_1,0.135814,0.135823,0.117905,0.153818
q_ind_133_pop_1,0.000113,0.000000,0.000000,0.001111
q_ind_134_pop_1,0.215564,0.215582,0.198790,0.232598
q_ind_135_pop_1,0.179754,0.179631,0.160989,0.199177
q_ind_136_pop_1,0.171174,0.171149,0.154808,0.187352
q_ind_137_pop_1,0.198956,0.198850,0.180968,0.217214
q_ind_138_pop_1,0.157293,0.157281,0.141872,0.172734
q_ind_139_pop_1,0.000545,0.000003,0.000000,0.005256
q_ind_140_pop_1,0.174161,0.174123,0.155897,0.192788
q_ind_141_pop_1,0.115026,0.115053,0.100168,0.129737
q_ind_142_pop_1,0.082326,0.082275,0.069347,0.095565
q_ind_143_pop_1,0.048724,0.048799,0.030232,0.066650
q_ind_144_pop_1,0.219500,0.219505,0.199682,0.238949
q_ind_145_pop_1,0.162922,0.162952,0.144920,0.181203
q_ind_146_pop_1,0.082775,0.082769,0.064694,0.101336
q_ind_147_pop_1,0.042022,0.041910,0.025214,0.059398
q_ind_148_pop_1,0.071623,0.071507,0.050654,0.093406
q_ind_0_pop_2,0.087865,0.087874,0.071484,0.104384
q_ind_1_pop_2,0.000024,0.000000,0.000000,0.000241
q_ind_2_pop_2,0.000031,0.000000,0.000000,0.000303
q_ind_3_pop_2,0.000018,0.000000,0.000000,0.000185
q_ind_4_pop_2,0.000023,0.000000,0.000000,0.000224
q_ind_5_pop_2,0.005526,0.002933,0.000000,0.020605
q_ind_6_pop_2,0.000024,0.000000,0.000000,0.000240
q_ind_7_pop_2,0.000024,0.000000,0.000000,0.000244
q_ind_8_pop_2,0.000024,0.000000,0.000000,0.000238
q_ind_9_pop_2,0.000027,0.000000,0.000000,0.000279
q_ind_10_pop_2,0.000019,0.000000,0.000000,0.000193
q_ind_11_pop_2,0.000054,0.000000,0.000000,0.000542
q_ind_12_pop_2,0.000093,0.000000,0.000000,0.000921
q_ind_13_pop_2,0.000049,0.000000,0.000000,0.000494
q_ind_14_pop_2,0.104379,0.104404,0.087432,0.121369
q_ind_15_pop_2,0.167145,0.167112,0.150398,0.183764
q_ind_16_pop_2,0.108798,0.108818,0.090638,0.126805
q_ind_17_pop_2,0.030465,0.030529,0.012950,0.047641
q_ind_18_pop_2,0.007839,0.005149,0.000000,0.026133
q_ind_19_pop_2,0.000130,0.000001,0.000000,0.001248
q_ind_20_pop_2,0.001425,0.000017,0.000000,0.011325
q_ind_21_pop_2,0.000125,0.000001,0.000000,0.001229
q_ind_22_pop_2,0.043318,0.043345,0.027542,0.058774
q_ind_23_pop_2,0.074046,0.073986,0.057814,0.090665
q_ind_24_pop_2,0.045011,0.045022,0.028643,0.061601
q_ind_25_pop_2,0.000255,0.000001,0.000000,0.002442
q_ind_26_pop_2,0.000435,0.000002,0.000000,0.004314
q_ind_27_pop_2,0.078502,0.078499,0.062273,0.094531
q_ind_28_pop_2,0.005627,0.001309,0.000000,0.023805
q_ind_29_pop_2,0.010245,0.009957,0.000000,0.027464
q_ind_30_pop_2,0.016699,0.017442,0.000000,0.037979
q_ind_31_pop_2,0.016208,0.016771,0.000000,0.040035
q_ind_32_pop_2,0.006106,0.002116,0.000000,0.023673
q_ind_33_pop_2,0.012914,0.013157,0.000000,0.032004
q_ind_34_pop_2,0.110269,0.110308,0.093330,0.126974
q_ind_35_pop_2,0.180788,0.180800,0.163426,0.198159
q_ind_36_pop_2,0.039984,0.039995,0.023796,0.056401
q_ind_37_pop_2,0.081909,0.081933,0.065521,0.098511
q_ind_38_pop_2,0.049537,0.049576,0.033471,0.065793
q_ind_39_pop_2,0.026752,0.026821,0.009563,0.043340
q_ind_40_pop_2,0.000041,0.000000,0.000000,0.000404
q_ind_41_pop_2,0.000051,0.000000,0.000000,0.000498
q_ind_42_pop_2,0.000040,0.000000,0.000000,0.000394
q_ind_43_pop_2,0.084629,0.084541,0.069546,0.100437
q_ind_44_pop_2,0.140481,0.140403,0.123116,0.158031
q_ind_45_pop_2,0.046625,0.046623,0.030738,0.062807
q_ind_46_pop_2,0.139123,0.139133,0.121306,0.156776
q_ind_47_pop_2,0.071957,0.071887,0.057804,0.086199
q_ind_48_pop_2,0.217778,0.217783,0.200990,0.234510
q_ind_49_pop_2,0.105936,0.105956,0.087506,0.124284
q_ind_50_pop_2,0.080959,0.081036,0.064536,0.097029
q_ind_51_pop_2,0.082647,0.082649,0.065728,0.099838
q_ind_52_pop_2,0.000177,0.000001,0.000000,0.001796
q_ind_53_pop_2,0.034524,0.034470,0.020716,0.048542
q_ind_54_pop_2,0.065688,0.065669,0.049718,0.081415
q_ind_55_pop_2,0.048884,0.048818,0.033005,0.064699
q_ind_56_pop_2,0.000024,0.000000,0.000000,0.000237
q_ind_57_pop_2,0.000032,0.000000,0.000000,0.000318
q_ind_58_pop_2,0.000019,0.000000,0.000000,0.000186
q_ind_59_pop_2,0.024232,0.024228,0.013801,0.034837
q_ind_60_pop_2,0.000025,0.000000,0.000000,0.000248
q_ind_61_pop_2,0.000050,0.000000,0.000000,0.000491
q_ind_62_pop_2,0.000019,0.000000,0.000000,0.000194
q_ind_63_pop_2,0.000557,0.000004,0.000000,0.005048
q_ind_64_pop_2,0.000040,0.000000,0.000000,0.000398
q_ind_65_pop_2,0.031213,0.031154,0.021335,0.041136
q_ind_66_pop_2,0.000029,0.000000,0.000000,0.000285
q_ind_67_pop_2,0.000198,0.000001,0.000000,0.001994
q_ind_68_pop_2,0.000028,0.000000,0.000000,0.000281
q_ind_69_pop_2,0.000126,0.000001,0.000000,0.001237
q_ind_70_pop_2,0.000025,0.000000,0.000000,0.000248
q_ind_71_pop_2,0.000135,0.000001,0.000000,0.001332
q_ind_72_pop_2,0.000033,0.000000,0.000000,0.000322
q_ind_73_pop_2,0.000049,0.000000,0.000000,0.000474
q_ind_74_pop_2,0.000020,0.000000,0.000000,0.000198
q_ind_75_pop_2,0.000021,0.000000,0.000000,0.000210
q_ind_76_pop_2,0.000035,0.000000,0.000000,0.000355
q_ind_77_pop_2,0.000159,0.000001,0.000000,0.001605
q_ind_78_pop_2,0.000020,0.000000,0.000000,0.000197
q_ind_79_pop_2,0.000036,0.000000,0.000000,0.000363
q_ind_80_pop_2,0.000021,0.000000,0.000000,0.000205
q_ind_81_pop_2,0.000023,0.000000,0.000000,0.000220
q_ind_82_pop_2,0.051835,0.051865,0.037596,0.065946
q_ind_83_pop_2,0.000138,0.000001,0.000000,0.001390
q_ind_84_pop_2,0.000068,0.000000,0.000000,0.000695
q_ind_85_pop_2,0.044624,0.044569,0.029690,0.060011
q_ind_86_pop_2,0.000029,0.000000,0.000000,0.000288
q_ind_87_pop_2,0.000074,0.000000,0.000000,0.000723
q_ind_88_pop_2,0.000335,0.000002,0.000000,0.003388
q_ind_89_pop_2,0.000027,0.000000,0.000000,0.000268
q_ind_90_pop_2,0.000487,0.000003,0.000000,0.004930
q_ind_91_pop_2,0.000052,0.000000,0.000000,0.000522
q_ind_92_pop_2,0.000032,0.000000,0.000000,0.000310
q_ind_93_pop_2,0.000030,0.000000,0.000000,0.000294
q_ind_94_pop_2,0.121480,0.121398,0.105177,0.138129
q_ind_95_pop_2,0.113126,0.113062,0.096435,0.130365
q_ind_96_pop_2,0.085292,0.085287,0.069175,0.101342
q_ind_97_pop_2,0.003255,0.000153,0.000000,0.017704
q_ind_98_pop_2,0.043819,0.043793,0.028048,0.059975
q_ind_99_pop_2,0.086133,0.086160,0.067913,0.104505
q_ind_100_pop_2,0.103742,0.103672,0.086716,0.121068
q_ind_101_pop_2,0.103942,0.103856,0.085812,0.122527
q_ind_102_pop_2,0.042945,0.042966,0.026576,0.059184
q_ind_103_pop_2,0.023077,0.023290,0.001206,0.040317
q_ind_104_pop_2,0.167092,0.166986,0.150122,0.184448
q_ind_105_pop_2,0.077844,0.077892,0.062657,0.092972
q_ind_106_pop_2,0.000124,0.000001,0.000000,0.001178
q_ind_107_pop_2,0.098582,0.098547,0.081950,0.115498
q_ind_108_pop_2,0.115464,0.115543,0.097907,0.133022
q_ind_109_pop_2,0.119109,0.119046,0.101978,0.136860
q_ind_110_pop_2,0.999755,0.999834,0.999076,0.999995
q_ind_111_pop_2,0.099038,0.099038,0.082386,0.115558
q_ind_112_pop_2,0.999741,0.999825,0.999038,0.999994
q_ind_113_pop_2,0.999718,0.999807,0.998946,0.999994
q_ind_114_pop_2,0.999682,0.999785,0.998782,0.999993
q_ind_115_pop_2,0.084223,0.084149,0.069539,0.099376
q_ind_116_pop_2,0.999561,0.999702,0.998358,0.999990
q_ind_117_pop_2,0.042590,0.042554,0.026843,0.058265
q_ind_118_pop_2,0.000423,0.000002,0.000000,0.004312
q_ind_119_pop_2,0.036387,0.036399,0.020185,0.052477
q_ind_120_pop_2,0.000400,0.000002,0.000000,0.004140
q_ind_121_pop_2,0.000242,0.000001,0.000000,0.002347
q_ind_122_pop_2,0.028759,0.028983,0.012507,0.043838
q_ind_123_pop_2,0.002300,0.000096,0.000000,0.013648
q_ind_124_pop_2,0.003365,0.000173,0.000000,0.019197
q_ind_125_pop_2,0.099393,0.099368,0.083733,0.115224
q_ind_126_pop_2,0.000130,0.000000,0.000000,0.001289
q_ind_127_pop_2,0.090976,0.090951,0.074424,0.107418
q_ind_128_pop_2,0.000144,0.000001,0.000000,0.001399
q_ind_129_pop_2,0.013401,0.013813,0.000000,0.031470
q_ind_130_pop_2,0.174070,0.174025,0.157110,0.190722
q_ind_131_pop_2,0.036250,0.036239,0.022167,0.050520
q_ind_132_pop_2,0.107930,0.107941,0.091060,0.124928
q_ind_133_pop_2,0.000314,0.000002,0.000000,0.003227
q_ind_134_pop_2,0.020382,0.020786,0.000020,0.035840
q_ind_135_pop_2,0.051215,0.051182,0.035258,0.067411
q_ind_136_pop_2,0.034966,0.034925,0.020687,0.049331
q_ind_137_pop_2,0.000082,0.000000,0.000000,0.000830
q_ind_138_pop_2,0.044888,0.044903,0.029461,0.060334
q_ind_139_pop_2,0.015698,0.016274,0.000000,0.033643
q_ind_140_pop_2,0.026753,0.026761,0.010887,0.042427
q_ind_141_pop_2,0.000401,0.000002,0.000000,0.003789
q_ind_142_pop_2,0.010107,0.009242,0.000000,0.028957
q_ind_143_pop_2,0.000333,0.000002,0.000000,0.003286
q_ind_144_pop_2,0.009100,0.006373,0.000000,0.030538
q_ind_145_pop_2,0.011661,0.011556,0.000000,0.031159
q_ind_146_pop_2,0.081307,0.081223,0.064657,0.098686
q_ind_147_pop_2,0.073620,0.073520,0.057583,0.090643
q_ind_148_pop_2,0.082988,0.082910,0.063972,0.102380
q_ind_0_pop_3,0.006410,0.003711,0.000000,0.022791
q_ind_1_pop_3,0.000023,0.000000,0.000000,0.000231
q_ind_2_pop_3,0.000023,0.000000,0.000000,0.000218
q_ind_3_pop_3,0.000017,0.000000,0.000000,0.000163
q_ind_4_pop_3,0.000020,0.000000,0.000000,0.000205
q_ind_5_pop_3,0.000268,0.000001,0.000000,0.002787
q_ind_6_pop_3,0.000021,0.000000,0.000000,0.000206
q_ind_7_pop_3,0.000022,0.000000,0.000000,0.000223
q_ind_8_pop_3,0.000022,0.000000,0.000000,0.000209
q_ind_9_pop_3,0.000029,0.000000,0.000000,0.000285
q_ind_10_pop_3,0.000019,0.000000,0.000000,0.000191
q_ind_11_pop_3,0.000047,0.000000,0.000000,0.000466
q_ind_12_pop_3,0.000070,0.000000,0.000000,0.000697
q_ind_13_pop_3,0.000047,0.000000,0.000000,0.000471
q_ind_14_pop_3,0.000210,0.000001,0.000000,0.002101
q_ind_15_pop_3,0.000403,0.000002,0.000000,0.004146
q_ind_16_pop_3,0.000191,0.000001,0.000000,0.001820
q_ind_17_pop_3,0.000125,0.000001,0.000000,0.001250
q_ind_18_pop_3,0.000083,0.000000,0.000000,0.000795
q_ind_19_pop_3,0.000128,0.000001,0.000000,0.001291
q_ind_20_pop_3,0.000919,0.000008,0.000000,0.007896
q_ind_21_pop_3,0.000130,0.000001,0.000000,0.001372
q_ind_22_pop_3,0.013361,0.013710,0.000000,0.031562
q_ind_23_pop_3,0.000628,0.000004,0.000000,0.005643
q_ind_24_pop_3,0.095665,0.095644,0.080115,0.111524
q_ind_25_pop_3,0.042369,0.042305,0.027012,0.057683
q_ind_26_pop_3,0.086494,0.086369,0.070302,0.102883
q_ind_27_pop_3,0.006781,0.003363,0.000000,0.024961
q_ind_28_pop_3,0.077613,0.077472,0.062265,0.093247
q_ind_29_pop_3,0.042158,0.042245,0.026416,0.057226
q_ind_30_pop_3,0.021755,0.022155,0.000821,0.038697
q_ind_31_pop_3,0.039422,0.039479,0.021106,0.057509
q_ind_32_pop_3,0.001186,0.000011,0.000000,0.010153
q_ind_33_pop_3,0.001568,0.000016,0.000000,0.012284
q_ind_34_pop_3,0.044526,0.044424,0.029002,0.060404
q_ind_35_pop_3,0.008359,0.007213,0.000000,0.025379
q_ind_36_pop_3,0.035126,0.035144,0.020874,0.049618
q_ind_37_pop_3,0.001210,0.000022,0.000000,0.009267
q_ind_38_pop_3,0.038288,0.038296,0.023355,0.053434
q_ind_39_pop_3,0.001152,0.000013,0.000000,0.009332
q_ind_40_pop_3,0.000032,0.000000,0.000000,0.000305
q_ind_41_pop_3,0.000044,0.000000,0.000000,0.000446
q_ind_42_pop_3,0.000037,0.000000,0.000000,0.000367
q_ind_43_pop_3,0.010986,0.010805,0.000000,0.028491
q_ind_44_pop_3,0.005279,0.001316,0.000000,0.022440
q_ind_45_pop_3,0.022477,0.022784,0.000388,0.039095
q_ind_46_pop_3,0.000547,0.000003,0.000000,0.005719
q_ind_47_pop_3,0.001402,0.000021,0.000000,0.010581
q_ind_48_pop_3,0.001199,0.000010,0.000000,0.009729
q_ind_49_pop_3,0.000363,0.000002,0.000000,0.003507
q_ind_50_pop_3,0.000467,0.000002,0.000000,0.004601
q_ind_51_pop_3,0.000485,0.000003,0.000000,0.004800
q_ind_52_pop_3,0.000301,0.000001,0.000000,0.003036
q_ind_53_pop_3,0.000266,0.000001,0.000000,0.002701
q_ind_54_pop_3,0.001670,0.000021,0.000000,0.012691
q_ind_55_pop_3,0.012315,0.012695,0.000000,0.028947
q_ind_56_pop_3,0.000026,0.000000,0.000000,0.000254
q_ind_57_pop_3,0.000035,0.000000,0.000000,0.000342
q_ind_58_pop_3,0.000019,0.000000,0.000000,0.000195
q_ind_59_pop_3,0.003267,0.000295,0.000000,0.015883
q_ind_60_pop_3,0.000034,0.000000,0.000000,0.000338
q_ind_61_pop_3,0.000068,0.000000,0.000000,0.000678
q_ind_62_pop_3,0.000020,0.000000,0.000000,0.000205
q_ind_63_pop_3,0.121555,0.121659,0.104743,0.138065
q_ind_64_pop_3,0.000094,0.000001,0.000000,0.000903
q_ind_65_pop_3,0.000408,0.000002,0.000000,0.003951
q_ind_66_pop_3,0.000042,0.000000,0.000000,0.000413
q_ind_67_pop_3,0.095441,0.095453,0.081419,0.109588
q_ind_68_pop_3,0.000044,0.000000,0.000000,0.000437
q_ind_69_pop_3,0.523478,0.523488,0.508299,0.538479
q_ind_70_pop_3,0.000039,0.000000,0.000000,0.000382
q_ind_71_pop_3,0.097458,0.097369,0.083078,0.112165
q_ind_72_pop_3,0.000044,0.000000,0.000000,0.000444
q_ind_73_pop_3,0.000053,0.000000,0.000000,0.000531
q_ind_74_pop_3,0.999802,0.999865,0.999262,0.999996
q_ind_75_pop_3,0.999790,0.999857,0.999216,0.999996
q_ind_76_pop_3,0.999634,0.999751,0.998621,0.999993
q_ind_77_pop_3,0.065895,0.065933,0.050227,0.081611
q_ind_78_pop_3,0.999801,0.999865,0.999248,0.999996
q_ind_79_pop_3,0.999584,0.999722,0.998407,0.999991
q_ind_80_pop_3,0.999800,0.999863,0.999250,0.999996
q_ind_81_pop_3,0.999778,0.999850,0.999149,0.999995
q_ind_82_pop_3,0.324141,0.324165,0.308087,0.340295
q_ind_83_pop_3,0.056708,0.056666,0.041757,0.072007
q_ind_84_pop_3,0.000069,0.000000,0.000000,0.000672
q_ind_85_pop_3,0.002520,0.000076,0.000000,0.015408
q_ind_86_pop_3,0.000049,0.000000,0.000000,0.000489
q_ind_87_pop_3,0.000074,0.000000,0.000000,0.000745
q_ind_88_pop_3,0.060865,0.060911,0.046273,0.075353
q_ind_89_pop_3,0.000045,0.000000,0.000000,0.000439
q_ind_90_pop_3,0.071596,0.071661,0.056921,0.085970
q_ind_91_pop_3,0.000085,0.000000,0.000000,0.000843
q_ind_92_pop_3,0.000036,0.000000,0.000000,0.000354
q_ind_93_pop_3,0.000046,0.000000,0.000000,0.000453
q_ind_94_pop_3,0.000183,0.000001,0.000000,0.001777
q_ind_95_pop_3,0.007984,0.005908,0.000000,0.025852
q_ind_96_pop_3,0.007095,0.004228,0.000000,0.024383
q_ind_97_pop_3,0.047246,0.047155,0.031604,0.063056
q_ind_98_pop_3,0.000347,0.000002,0.000000,0.003316
q_ind_99_pop_3,0.001924,0.000034,0.000000,0.013450
q_ind_100_pop_3,0.000263,0.000001,0.000000,0.002643
q_ind_101_pop_3,0.000123,0.000001,0.000000,0.001253
q_ind_102_pop_3,0.000300,0.000002,0.000000,0.002985
q_ind_103_pop_3,0.043001,0.042978,0.027065,0.058644
q_ind_104_pop_3,0.001683,0.000032,0.000000,0.011924
q_ind_105_pop_3,0.021881,0.022043,0.006059,0.036354
q_ind_106_pop_3,0.109723,0.109857,0.091558,0.127560
q_ind_107_pop_3,0.000215,0.000001,0.000000,0.002189
q_ind_108_pop_3,0.005258,0.000951,0.000000,0.024256
q_ind_109_pop_3,0.006947,0.002843,0.000000,0.026675
q_ind_110_pop_3,0.000026,0.000000,0.000000,0.000258
q_ind_111_pop_3,0.045242,0.045240,0.029614,0.061215
q_ind_112_pop_3,0.000027,0.000000,0.000000,0.000276
q_ind_113_pop_3,0.000027,0.000000,0.000000,0.000270
q_ind_114_pop_3,0.000034,0.000000,0.000000,0.000341
q_ind_115_pop_3,0.030090,0.030138,0.015494,0.044480
q_ind_116_pop_3,0.000042,0.000000,0.000000,0.000419
q_ind_117_pop_3,0.009792,0.008699,0.000000,0.028754
q_ind_118_pop_3,0.000391,0.000002,0.000000,0.003839
q_ind_119_pop_3,0.003465,0.000312,0.000000,0.018205
q_ind_120_pop_3,0.000119,0.000000,0.000000,0.001162
q_ind_121_pop_3,0.000377,0.000002,0.000000,0.003783
q_ind_122_pop_3,0.036593,0.036560,0.021467,0.052131
q_ind_123_pop_3,0.000312,0.000001,0.000000,0.003014
q_ind_124_pop_3,0.000661,0.000004,0.000000,0.006249
q_ind_125_pop_3,0.000370,0.000002,0.000000,0.003760
q_ind_126_pop_3,0.000047,0.000000,0.000000,0.000478
q_ind_127_pop_3,0.000978,0.000007,0.000000,0.008771
q_ind_128_pop_3,0.000050,0.000000,0.000000,0.000489
q_ind_129_pop_3,0.061279,0.061170,0.045435,0.077492
q_ind_130_pop_3,0.000809,0.000007,0.000000,0.007403
q_ind_131_pop_3,0.033790,0.033752,0.020678,0.047108
q_ind_132_pop_3,0.034409,0.034397,0.019317,0.049637
q_ind_133_pop_3,0.000393,0.000002,0.000000,0.003835
q_ind_134_pop_3,0.000497,0.000002,0.000000,0.004964
q_ind_135_pop_3,0.003320,0.000237,0.000000,0.018236
q_ind_136_pop_3,0.000264,0.000001,0.000000,0.002603
q_ind_137_pop_3,0.039926,0.039844,0.024835,0.055132
q_ind_138_pop_3,0.055238,0.055175,0.040464,0.070220
q_ind_139_pop_3,0.051318,0.051274,0.035464,0.067194
q_ind_140_pop_3,0.008827,0.007541,0.000000,0.027213
q_ind_141_pop_3,0.062031,0.062003,0.046827,0.077628
q_ind_142_pop_3,0.048331,0.048296,0.032962,0.063942
q_ind_143_pop_3,0.003905,0.000316,0.000000,0.021045
q_ind_144_pop_3,0.003346,0.000153,0.000000,0.018320
q_ind_145_pop_3,0.000439,0.000002,0.000000,0.004591
q_ind_146_pop_3,0.030848,0.030923,0.014509,0.046826
q_ind_147_pop_3,0.016416,0.016871,0.000000,0.034373
q_ind_148_pop_3,0.037095,0.036940,0.019184,0.054998
q_ind_0_pop_4,0.004435,0.000340,0.000000,0.022465
q_ind_1_pop_4,0.000023,0.000000,0.000000,0.000236
q_ind_2_pop_4,0.000026,0.000000,0.000000,0.000265
q_ind_3_pop_4,0.000018,0.000000,0.000000,0.000186
q_ind_4_pop_4,0.000020,0.000000,0.000000,0.000196
q_ind_5_pop_4,0.007921,0.006931,0.000000,0.023917
q_ind_6_pop_4,0.000021,0.000000,0.000000,0.000211
q_ind_7_pop_4,0.000023,0.000000,0.000000,0.000222
q_ind_8_pop_4,0.000025,0.000000,0.000000,0.000248
q_ind_9_pop_4,0.000034,0.000000,0.000000,0.000330
q_ind_10_pop_4,0.000019,0.000000,0.000000,0.000191
q_ind_11_pop_4,0.000041,0.000000,0.000000,0.000403
q_ind_12_pop_4,0.000047,0.000000,0.000000,0.000453
q_ind_13_pop_4,0.000041,0.000000,0.000000,0.000414
q_ind_14_pop_4,0.000164,0.000001,0.000000,0.001647
q_ind_15_pop_4,0.000368,0.000002,0.000000,0.003760
q_ind_16_pop_4,0.000201,0.000001,0.000000,0.001931
q_ind_17_pop_4,0.060709,0.060522,0.043251,0.078368
q_ind_18_pop_4,0.074542,0.074554,0.055844,0.093086
q_ind_19_pop_4,0.172030,0.172170,0.153626,0.189991
q_ind_20_pop_4,0.076333,0.076189,0.058920,0.094283
q_ind_21_pop_4,0.170727,0.170758,0.152834,0.188615
q_ind_22_pop_4,0.055441,0.055419,0.038617,0.072473
q_ind_23_pop_4,0.140621,0.140562,0.122447,0.158998
q_ind_24_pop_4,0.038859,0.038875,0.021284,0.055957
q_ind_25_pop_4,0.045854,0.045892,0.027660,0.064228
q_ind_26_pop_4,0.000320,0.000001,0.000000,0.003272
q_ind_27_pop_4,0.097134,0.097075,0.079304,0.115178
q_ind_28_pop_4,0.001749,0.000023,0.000000,0.014555
q_ind_29_pop_4,0.033433,0.033507,0.016242,0.050314
q_ind_30_pop_4,0.088392,0.088415,0.069119,0.107698
q_ind_31_pop_4,0.076145,0.076093,0.054476,0.098185
q_ind_32_pop_4,0.000171,0.000001,0.000000,0.001723
q_ind_33_pop_4,0.103547,0.103613,0.085225,0.121714
q_ind_34_pop_4,0.029176,0.029167,0.010258,0.047500
q_ind_35_pop_4,0.000139,0.000001,0.000000,0.001413
q_ind_36_pop_4,0.001634,0.000020,0.000000,0.013217
q_ind_37_pop_4,0.032924,0.032931,0.015867,0.049568
q_ind_38_pop_4,0.004038,0.000489,0.000000,0.020836
q_ind_39_pop_4,0.003630,0.000107,0.000000,0.021247
q_ind_40_pop_4,0.000040,0.000000,0.000000,0.000398
q_ind_41_pop_4,0.000055,0.000000,0.000000,0.000533
q_ind_42_pop_4,0.000046,0.000000,0.000000,0.000454
q_ind_43_pop_4,0.043856,0.043720,0.028049,0.060416
q_ind_44_pop_4,0.000249,0.000001,0.000000,0.002487
q_ind_45_pop_4,0.008597,0.005476,0.000000,0.029890
q_ind_46_pop_4,0.055858,0.055848,0.037167,0.074106
q_ind_47_pop_4,0.049411,0.049353,0.033898,0.065247
q_ind_48_pop_4,0.000311,0.000002,0.000000,0.003018
q_ind_49_pop_4,0.058252,0.058027,0.040258,0.076926
q_ind_50_pop_4,0.069129,0.069211,0.050550,0.087255
q_ind_51_pop_4,0.000208,0.000001,0.000000,0.002051
q_ind_52_pop_4,0.000158,0.000001,0.000000,0.001526
q_ind_53_pop_4,0.044505,0.044521,0.030180,0.058459
q_ind_54_pop_4,0.085258,0.085202,0.068425,0.102312
q_ind_55_pop_4,0.004256,0.000235,0.000000,0.022320
q_ind_56_pop_4,0.000025,0.000000,0.000000,0.000252
q_ind_57_pop_4,0.000031,0.000000,0.000000,0.000316
q_ind_58_pop_4,0.000017,0.000000,0.000000,0.000170
q_ind_59_pop_4,0.005485,0.003645,0.000000,0.018736
q_ind_60_pop_4,0.000023,0.000000,0.000000,0.000231
q_ind_61_pop_4,0.000065,0.000000,0.000000,0.000671
q_ind_62_pop_4,0.000018,0.000000,0.000000,0.000176
q_ind_63_pop_4,0.175321,0.175212,0.156291,0.194539
q_ind_64_pop_4,0.000041,0.000000,0.000000,0.000425
q_ind_65_pop_4,0.005995,0.004914,0.000000,0.018820
q_ind_66_pop_4,0.000033,0.000000,0.000000,0.000326
q_ind_67_pop_4,0.312406,0.312400,0.293735,0.331192
q_ind_68_pop_4,0.000040,0.000000,0.000000,0.000404
q_ind_69_pop_4,0.008718,0.008196,0.000000,0.024753
q_ind_70_pop_4,0.000032,0.000000,0.000000,0.000316
q_ind_71_pop_4,0.316665,0.316641,0.297545,0.335735
q_ind_72_pop_4,0.000035,0.000000,0.000000,0.000353
q_ind_73_pop_4,0.000047,0.000000,0.000000,0.000469
q_ind_74_pop_4,0.000021,0.000000,0.000000,0.000208
q_ind_75_pop_4,0.000023,0.000000,0.000000,0.000226
q_ind_76_pop_4,0.000040,0.000000,0.000000,0.000391
q_ind_77_pop_4,0.195209,0.195147,0.175274,0.215225
q_ind_78_pop_4,0.000021,0.000000,0.000000,0.000204
q_ind_79_pop_4,0.000071,0.000000,0.000000,0.000708
q_ind_80_pop_4,0.000022,0.000000,0.000000,0.000224
q_ind_81_pop_4,0.000024,0.000000,0.000000,0.000232
q_ind_82_pop_4,0.020115,0.020763,0.000000,0.037963
q_ind_83_pop_4,0.206661,0.206609,0.187071,0.226370
q_ind_84_pop_4,0.000078,0.000000,0.000000,0.000762
q_ind_85_pop_4,0.161128,0.161131,0.143160,0.179401
q_ind_86_pop_4,0.999639,0.999761,0.998610,0.999992
q_ind_87_pop_4,0.000052,0.000000,0.000000,0.000515
q_ind_88_pop_4,0.863356,0.863452,0.843682,0.882481
q_ind_89_pop_4,0.999671,0.999778,0.998748,0.999992
q_ind_90_pop_4,0.856888,0.857026,0.838057,0.875137
q_ind_91_pop_4,0.999390,0.999583,0.997731,0.999987
q_ind_92_pop_4,0.000034,0.000000,0.000000,0.000325
q_ind_93_pop_4,0.999648,0.999761,0.998660,0.999993
q_ind_94_pop_4,0.002019,0.000028,0.000000,0.015016
q_ind_95_pop_4,0.000728,0.000004,0.000000,0.006827
q_ind_96_pop_4,0.000174,0.000001,0.000000,0.001698
q_ind_97_pop_4,0.047687,0.047860,0.029229,0.065219
q_ind_98_pop_4,0.102534,0.102369,0.083825,0.121600
q_ind_99_pop_4,0.001000,0.000007,0.000000,0.008982
q_ind_100_pop_4,0.025870,0.026490,0.000453,0.044447
q_ind_101_pop_4,0.000416,0.000002,0.000000,0.004418
q_ind_102_pop_4,0.000202,0.000001,0.000000,0.002051
q_ind_103_pop_4,0.072521,0.072391,0.053591,0.091766
q_ind_104_pop_4,0.000256,0.000001,0.000000,0.002656
q_ind_105_pop_4,0.096848,0.096804,0.078845,0.115031
q_ind_106_pop_4,0.206039,0.205925,0.185561,0.226851
q_ind_107_pop_4,0.000117,0.000001,0.000000,0.001127
q_ind_108_pop_4,0.001067,0.000010,0.000000,0.009349
q_ind_109_pop_4,0.001190,0.000010,0.000000,0.010993
q_ind_110_pop_4,0.000022,0.000000,0.000000,0.000217
q_ind_111_pop_4,0.062724,0.062865,0.044706,0.080247
q_ind_112_pop_4,0.000024,0.000000,0.000000,0.000239
q_ind_113_pop_4,0.000026,0.000000,0.000000,0.000246
q_ind_114_pop_4,0.000027,0.000000,0.000000,0.000265
q_ind_115_pop_4,0.054461,0.054331,0.038418,0.070641
q_ind_116_pop_4,0.000037,0.000000,0.000000,0.000366
q_ind_117_pop_4,0.049140,0.049169,0.031399,0.066587
q_ind_118_pop_4,0.110766,0.110736,0.093056,0.128581
q_ind_119_pop_4,0.032384,0.032411,0.014370,0.050342
q_ind_120_pop_4,0.040884,0.040915,0.022274,0.059444
q_ind_121_pop_4,0.068205,0.068119,0.050848,0.086242
q_ind_122_pop_4,0.052075,0.052115,0.033764,0.070486
q_ind_123_pop_4,0.090796,0.090670,0.071985,0.109771
q_ind_124_pop_4,0.104942,0.104883,0.085178,0.125013
q_ind_125_pop_4,0.002107,0.000031,0.000000,0.014855
q_ind_126_pop_4,0.000063,0.000000,0.000000,0.000618
q_ind_127_pop_4,0.079272,0.079291,0.062052,0.096552
q_ind_128_pop_4,0.000066,0.000000,0.000000,0.000637
q_ind_129_pop_4,0.010716,0.009249,0.000000,0.032589
q_ind_130_pop_4,0.028805,0.028771,0.012739,0.044546
q_ind_131_pop_4,0.000198,0.000001,0.000000,0.001925
q_ind_132_pop_4,0.000118,0.000001,0.000000,0.001155
q_ind_133_pop_4,0.061144,0.061018,0.044392,0.078426
q_ind_134_pop_4,0.170654,0.170621,0.152645,0.189030
q_ind_135_pop_4,0.082742,0.082576,0.064804,0.101426
q_ind_136_pop_4,0.164800,0.164785,0.146953,0.182990
q_ind_137_pop_4,0.094119,0.094105,0.075911,0.112384
q_ind_138_pop_4,0.079141,0.079099,0.062072,0.096302
q_ind_139_pop_4,0.166272,0.166355,0.147253,0.184972
q_ind_140_pop_4,0.045947,0.046018,0.027701,0.064607
q_ind_141_pop_4,0.047881,0.047867,0.030832,0.065474
q_ind_142_pop_4,0.102998,0.103078,0.084993,0.120960
q_ind_143_pop_4,0.211729,0.211636,0.191523,0.232134
q_ind_144_pop_4,0.076124,0.076029,0.056810,0.095567
q_ind_145_pop_4,0.188490,0.188484,0.169572,0.207632
q_ind_146_pop_4,0.088982,0.089034,0.070538,0.107022
q_ind_147_pop_4,0.041157,0.041257,0.022586,0.059252
q_ind_148_pop_4,0.087635,0.087561,0.066309,0.109588
q_ind_0_pop_5,0.114438,0.114400,0.090874,0.138802
q_ind_1_pop_5,0.000023,0.000000,0.000000,0.000229
q_ind_2_pop_5,0.000026,0.000000,0.000000,0.000266
q_ind_3_pop_5,0.000018,0.000000,0.000000,0.000187
q_ind_4_pop_5,0.000020,0.000000,0.000000,0.000197
q_ind_5_pop_5,0.041743,0.041870,0.024452,0.058846
q_ind_6_pop_5,0.000025,0.000000,0.000000,0.000247
q_ind_7_pop_5,0.000024,0.000000,0.000000,0.000243
q_ind_8_pop_5,0.000026,0.000000,0.000000,0.000262
q_ind_9_pop_5,0.000030,0.000000,0.000000,0.000291
q_ind_10_pop_5,0.000019,0.000000,0.000000,0.000197
q_ind_11_pop_5,0.000044,0.000000,0.000000,0.000445
q_ind_12_pop_5,0.000055,0.000000,0.000000,0.000540
q_ind_13_pop_5,0.000041,0.000000,0.000000,0.000418
q_ind_14_pop_5,0.016006,0.015242,0.000000,0.045430
q_ind_15_pop_5,0.117106,0.117163,0.093565,0.140637
q_ind_16_pop_5,0.044808,0.044765,0.018559,0.071278
q_ind_17_pop_5,0.000737,0.000004,0.000000,0.006951
q_ind_18_pop_5,0.031577,0.032054,0.002284,0.054816
q_ind_19_pop_5,0.821591,0.822218,0.797540,0.841350
q_ind_20_pop_5,0.459025,0.458996,0.434509,0.483561
q_ind_21_pop_5,0.822390,0.823057,0.798035,0.842224
q_ind_22_pop_5,0.266806,0.266847,0.241914,0.291428
q_ind_23_pop_5,0.002050,0.000041,0.000000,0.015425
q_ind_24_pop_5,0.143871,0.144019,0.120590,0.166545
q_ind_25_pop_5,0.076788,0.076795,0.054928,0.098389
q_ind_26_pop_5,0.183913,0.183753,0.158864,0.209507
q_ind_27_pop_5,0.107555,0.107465,0.085825,0.129799
q_ind_28_pop_5,0.181315,0.181099,0.157771,0.205614
q_ind_29_pop_5,0.254844,0.254963,0.230936,0.278565
q_ind_30_pop_5,0.243441,0.243372,0.217217,0.270180
q_ind_31_pop_5,0.246709,0.246645,0.217984,0.275884
q_ind_32_pop_5,0.151638,0.151507,0.127612,0.176278
q_ind_33_pop_5,0.063827,0.063847,0.040208,0.087210
q_ind_34_pop_5,0.241404,0.241337,0.217225,0.265681
q_ind_35_pop_5,0.014160,0.012285,0.000000,0.042447
q_ind_36_pop_5,0.000212,0.000001,0.000000,0.002105
q_ind_37_pop_5,0.042664,0.042698,0.021651,0.064213
q_ind_38_pop_5,0.078321,0.078400,0.054854,0.101686
q_ind_39_pop_5,0.000421,0.000002,0.000000,0.004126
q_ind_40_pop_5,0.000039,0.000000,0.000000,0.000394
q_ind_41_pop_5,0.000063,0.000000,0.000000,0.000622
q_ind_42_pop_5,0.000040,0.000000,0.000000,0.000390
q_ind_43_pop_5,0.067403,0.067227,0.045841,0.089641
q_ind_44_pop_5,0.001228,0.000011,0.000000,0.010360
q_ind_45_pop_5,0.084288,0.084237,0.062476,0.106164
q_ind_46_pop_5,0.141084,0.141040,0.116316,0.165661
q_ind_47_pop_5,0.046637,0.046567,0.026469,0.066566
q_ind_48_pop_5,0.067102,0.067018,0.046290,0.087924
q_ind_49_pop_5,0.216555,0.216582,0.189806,0.243395
q_ind_50_pop_5,0.231317,0.231344,0.207756,0.254840
q_ind_51_pop_5,0.405049,0.404959,0.380453,0.429587
q_ind_52_pop_5,0.418499,0.418482,0.394786,0.441974
q_ind_53_pop_5,0.000984,0.000007,0.000000,0.008959
q_ind_54_pop_5,0.112534,0.112617,0.089051,0.136905
q_ind_55_pop_5,0.138257,0.138231,0.115337,0.161480
q_ind_56_pop_5,0.000023,0.000000,0.000000,0.000221
q_ind_57_pop_5,0.000036,0.000000,0.000000,0.000356
q_ind_58_pop_5,0.000018,0.000000,0.000000,0.000190
q_ind_59_pop_5,0.011958,0.012101,0.000000,0.029773
q_ind_60_pop_5,0.000025,0.000000,0.000000,0.000248
q_ind_61_pop_5,0.000051,0.000000,0.000000,0.000503
q_ind_62_pop_5,0.000020,0.000000,0.000000,0.000198
q_ind_63_pop_5,0.001215,0.000011,0.000000,0.010722
q_ind_64_pop_5,0.000037,0.000000,0.000000,0.000361
q_ind_65_pop_5,0.002142,0.000052,0.000000,0.013587
q_ind_66_pop_5,0.000025,0.000000,0.000000,0.000256
q_ind_67_pop_5,0.000226,0.000001,0.000000,0.002276
q_ind_68_pop_5,0.000034,0.000000,0.000000,0.000336
q_ind_69_pop_5,0.000082,0.000000,0.000000,0.000805
q_ind_70_pop_5,0.000027,0.000000,0.000000,0.000274
q_ind_71_pop_5,0.000270,0.000001,0.000000,0.002599
q_ind_72_pop_5,0.000029,0.000000,0.000000,0.000286
q_ind_73_pop_5,0.000038,0.000000,0.000000,0.000386
q_ind_74_pop_5,0.000019,0.000000,0.000000,0.000183
q_ind_75_pop_5,0.000019,0.000000,0.000000,0.000188
q_ind_76_pop_5,0.000036,0.000000,0.000000,0.000369
q_ind_77_pop_5,0.000547,0.000002,0.000000,0.005593
q_ind_78_pop_5,0.000018,0.000000,0.000000,0.000179
q_ind_79_pop_5,0.000050,0.000000,0.000000,0.000495
q_ind_80_pop_5,0.000019,0.000000,0.000000,0.000192
q_ind_81_pop_5,0.000020,0.000000,0.000000,0.000201
q_ind_82_pop_5,0.050497,0.050495,0.029228,0.071467
q_ind_83_pop_5,0.000707,0.000004,0.000000,0.006913
q_ind_84_pop_5,0.000069,0.000000,0.000000,0.000692
q_ind_85_pop_5,0.082110,0.081904,0.060171,0.104701
q_ind_86_pop_5,0.000030,0.000000,0.000000,0.000294
q_ind_87_pop_5,0.000062,0.000000,0.000000,0.000632
q_ind_88_pop_5,0.000253,0.000001,0.000000,0.002500
q_ind_89_pop_5,0.000028,0.000000,0.000000,0.000276
q_ind_90_pop_5,0.000197,0.000001,0.000000,0.001973
q_ind_91_pop_5,0.000051,0.000000,0.000000,0.000477
q_ind_92_pop_5,0.000031,0.000000,0.000000,0.000306
q_ind_93_pop_5,0.000032,0.000000,0.000000,0.000316
q_ind_94_pop_5,0.002113,0.000021,0.000000,0.017772
q_ind_95_pop_5,0.139448,0.139407,0.116476,0.162673
q_ind_96_pop_5,0.187850,0.187823,0.164687,0.211627
q_ind_97_pop_5,0.143018,0.142890,0.118822,0.167290
q_ind_98_pop_5,0.106612,0.106697,0.083128,0.129869
q_ind_99_pop_5,0.100794,0.100765,0.075951,0.126161
q_ind_100_pop_5,0.000676,0.000004,0.000000,0.006424
q_ind_101_pop_5,0.000129,0.000001,0.000000,0.001256
q_ind_102_pop_5,0.003194,0.000072,0.000000,0.021772
q_ind_103_pop_5,0.000746,0.000004,0.000000,0.007220
q_ind_104_pop_5,0.000165,0.000001,0.000000,0.001653
q_ind_105_pop_5,0.143412,0.143321,0.121313,0.166182
q_ind_106_pop_5,0.119585,0.119494,0.096203,0.143371
q_ind_107_pop_5,0.000172,0.000001,0.000000,0.001762
q_ind_108_pop_5,0.004124,0.000111,0.000000,0.027169
q_ind_109_pop_5,0.004121,0.000144,0.000000,0.025685
q_ind_110_pop_5,0.000025,0.000000,0.000000,0.000247
q_ind_111_pop_5,0.007419,0.001407,0.000000,0.032965
q_ind_112_pop_5,0.000026,0.000000,0.000000,0.000255
q_ind_113_pop_5,0.000030,0.000000,0.000000,0.000290
q_ind_114_pop_5,0.000032,0.000000,0.000000,0.000317
q_ind_115_pop_5,0.033033,0.033524,0.003496,0.054747
q_ind_116_pop_5,0.000052,0.000000,0.000000,0.000513
q_ind_117_pop_5,0.131181,0.131113,0.108391,0.154674
q_ind_118_pop_5,0.173062,0.173149,0.149683,0.196343
q_ind_119_pop_5,0.245379,0.245325,0.222176,0.269267
q_ind_120_pop_5,0.197756,0.197757,0.173351,0.222036
q_ind_121_pop_5,0.170661,0.170793,0.148805,0.192322
q_ind_122_pop_5,0.139301,0.139437,0.117267,0.160768
q_ind_123_pop_5,0.123434,0.123462,0.099661,0.147125
q_ind_124_pop_5,0.134984,0.135006,0.108989,0.160283
q_ind_125_pop_5,0.662046,0.661937,0.639832,0.684513
q_ind_126_pop_5,0.999141,0.999438,0.996616,0.999983
q_ind_127_pop_5,0.092801,0.092859,0.069676,0.116451
q_ind_128_pop_5,0.999085,0.999408,0.996408,0.999982
q_ind_129_pop_5,0.195724,0.195806,0.171796,0.219719
q_ind_130_pop_5,0.075690,0.075595,0.053495,0.098294
q_ind_131_pop_5,0.683287,0.683330,0.661044,0.704962
q_ind_132_pop_5,0.019541,0.020029,0.000000,0.042097
q_ind_133_pop_5,0.252216,0.252212,0.229123,0.275659
q_ind_134_pop_5,0.002157,0.000033,0.000000,0.016557
q_ind_135_pop_5,0.044522,0.044352,0.022468,0.067649
q_ind_136_pop_5,0.001446,0.000010,0.000000,0.013319
q_ind_137_pop_5,0.261591,0.261607,0.237253,0.285578
q_ind_138_pop_5,0.090851,0.090754,0.069538,0.112487
q_ind_139_pop_5,0.064193,0.064128,0.041085,0.087845
q_ind_140_pop_5,0.051275,0.051113,0.027941,0.075693
q_ind_141_pop_5,0.072037,0.072165,0.049154,0.093941
q_ind_142_pop_5,0.117414,0.117386,0.094486,0.140412
q_ind_143_pop_5,0.059237,0.059203,0.038058,0.081302
q_ind_144_pop_5,0.000237,0.000001,0.000000,0.002377
q_ind_145_pop_5,0.068324,0.068234,0.046167,0.090462
q_ind_146_pop_5,0.117202,0.117084,0.093591,0.141758
q_ind_147_pop_5,0.137193,0.137124,0.112560,0.162285
q_ind_148_pop_5,0.109731,0.109425,0.082069,0.138209
q_ind_0_pop_6,0.000322,0.000002,0.000000,0.003078
q_ind_1_pop_6,0.000022,0.000000,0.000000,0.000216
q_ind_2_pop_6,0.000023,0.000000,0.000000,0.000229
q_ind_3_pop_6,0.000016,0.000000,0.000000,0.000164
q_ind_4_pop_6,0.000019,0.000000,0.000000,0.000191
q_ind_5_pop_6,0.001370,0.000020,0.000000,0.010560
q_ind_6_pop_6,0.000019,0.000000,0.000000,0.000192
q_ind_7_pop_6,0.000020,0.000000,0.000000,0.000202
q_ind_8_pop_6,0.000022,0.000000,0.000000,0.000221
q_ind_9_pop_6,0.000027,0.000000,0.000000,0.000276
q_ind_10_pop_6,0.000020,0.000000,0.000000,0.000208
q_ind_11_pop_6,0.000048,0.000000,0.000000,0.000469
q_ind_12_pop_6,0.000056,0.000000,0.000000,0.000555
q_ind_13_pop_6,0.000046,0.000000,0.000000,0.000438
q_ind_14_pop_6,0.000115,0.000001,0.000000,0.001150
q_ind_15_pop_6,0.001019,0.000011,0.000000,0.008383
q_ind_16_pop_6,0.000254,0.000001,0.000000,0.002593
q_ind_17_pop_6,0.000759,0.000005,0.000000,0.007058
q_ind_18_pop_6,0.014002,0.014140,0.000000,0.033497
q_ind_19_pop_6,0.001975,0.000031,0.000000,0.014683
q_ind_20_pop_6,0.024507,0.024562,0.007863,0.040513
q_ind_21_pop_6,0.001740,0.000022,0.000000,0.013490
q_ind_22_pop_6,0.092737,0.092593,0.076213,0.109369
q_ind_23_pop_6,0.034664,0.034791,0.018911,0.050067
q_ind_24_pop_6,0.062432,0.062365,0.046680,0.078067
q_ind_25_pop_6,0.000822,0.000007,0.000000,0.007118
q_ind_26_pop_6,0.025710,0.025904,0.007699,0.041994
q_ind_27_pop_6,0.047930,0.047991,0.031838,0.063982
q_ind_28_pop_6,0.037301,0.037345,0.020988,0.053021
q_ind_29_pop_6,0.015457,0.016127,0.000000,0.033263
q_ind_30_pop_6,0.003768,0.000161,0.000000,0.022063
q_ind_31_pop_6,0.002013,0.000027,0.000000,0.016093
q_ind_32_pop_6,0.034220,0.034206,0.018719,0.049427
q_ind_33_pop_6,0.013543,0.013920,0.000000,0.032272
q_ind_34_pop_6,0.000305,0.000002,0.000000,0.003094
q_ind_35_pop_6,0.001147,0.000012,0.000000,0.009496
q_ind_36_pop_6,0.000452,0.000002,0.000000,0.004488
q_ind_37_pop_6,0.001403,0.000019,0.000000,0.010445
q_ind_38_pop_6,0.000174,0.000001,0.000000,0.001660
q_ind_39_pop_6,0.024749,0.024941,0.007250,0.041475
q_ind_40_pop_6,0.000035,0.000000,0.000000,0.000345
q_ind_41_pop_6,0.000047,0.000000,0.000000,0.000451
q_ind_42_pop_6,0.000044,0.000000,0.000000,0.000428
q_ind_43_pop_6,0.001424,0.000014,0.000000,0.011779
q_ind_44_pop_6,0.038995,0.039097,0.022371,0.055449
q_ind_45_pop_6,0.008218,0.006098,0.000000,0.027008
q_ind_46_pop_6,0.024753,0.024800,0.006899,0.041809
q_ind_47_pop_6,0.058247,0.058164,0.044118,0.072797
q_ind_48_pop_6,0.000381,0.000002,0.000000,0.004110
q_ind_49_pop_6,0.000793,0.000006,0.000000,0.007269
q_ind_50_pop_6,0.032161,0.032172,0.015334,0.049242
q_ind_51_pop_6,0.000728,0.000004,0.000000,0.007345
q_ind_52_pop_6,0.000082,0.000000,0.000000,0.000804
q_ind_53_pop_6,0.003538,0.000230,0.000000,0.018063
q_ind_54_pop_6,0.000771,0.000005,0.000000,0.007037
q_ind_55_pop_6,0.000198,0.000001,0.000000,0.001950
q_ind_56_pop_6,0.000028,0.000000,0.000000,0.000276
q_ind_57_pop_6,0.000039,0.000000,0.000000,0.000383
q_ind_58_pop_6,0.000019,0.000000,0.000000,0.000186
q_ind_59_pop_6,0.013712,0.014173,0.000000,0.026702
q_ind_60_pop_6,0.000031,0.000000,0.000000,0.000305
q_ind_61_pop_6,0.000074,0.000000,0.000000,0.000706
q_ind_62_pop_6,0.000021,0.000000,0.000000,0.000210
q_ind_63_pop_6,0.163739,0.163746,0.146300,0.181343
q_ind_64_pop_6,0.000055,0.000000,0.000000,0.000526
q_ind_65_pop_6,0.020452,0.020549,0.009714,0.031209
q_ind_66_pop_6,0.999695,0.999793,0.998863,0.999994
q_ind_67_pop_6,0.367717,0.367654,0.350536,0.384786
q_ind_68_pop_6,0.999667,0.999771,0.998749,0.999993
q_ind_69_pop_6,0.332175,0.332143,0.316063,0.348323
q_ind_70_pop_6,0.999712,0.999805,0.998913,0.999993
q_ind_71_pop_6,0.378689,0.378696,0.360787,0.396577
q_ind_72_pop_6,0.999661,0.999771,0.998703,0.999993
q_ind_73_pop_6,0.999505,0.999673,0.998083,0.999990
q_ind_74_pop_6,0.000024,0.000000,0.000000,0.000239
q_ind_75_pop_6,0.000024,0.000000,0.000000,0.000237
q_ind_76_pop_6,0.000046,0.000000,0.000000,0.000451
q_ind_77_pop_6,0.048516,0.048520,0.031166,0.065901
q_ind_78_pop_6,0.000026,0.000000,0.000000,0.000266
q_ind_79_pop_6,0.000048,0.000000,0.000000,0.000477
q_ind_80_pop_6,0.000024,0.000000,0.000000,0.000237
q_ind_81_pop_6,0.000029,0.000000,0.000000,0.000278
q_ind_82_pop_6,0.157060,0.157057,0.140432,0.173617
q_ind_83_pop_6,0.048967,0.048968,0.031831,0.065921
q_ind_84_pop_6,0.000081,0.000000,0.000000,0.000795
q_ind_85_pop_6,0.137814,0.137780,0.120945,0.154874
q_ind_86_pop_6,0.000050,0.000000,0.000000,0.000504
q_ind_87_pop_6,0.000079,0.000000,0.000000,0.000765
q_ind_88_pop_6,0.062319,0.062399,0.047376,0.076865
q_ind_89_pop_6,0.000041,0.000000,0.000000,0.000403
q_ind_90_pop_6,0.063125,0.063142,0.048627,0.077520
q_ind_91_pop_6,0.000082,0.000000,0.000000,0.000838
q_ind_92_pop_6,0.000054,0.000000,0.000000,0.000535
q_ind_93_pop_6,0.000047,0.000000,0.000000,0.000449
q_ind_94_pop_6,0.000321,0.000001,0.000000,0.003219
q_ind_95_pop_6,0.000181,0.000001,0.000000,0.001766
q_ind_96_pop_6,0.008038,0.005749,0.000000,0.027024
q_ind_97_pop_6,0.000409,0.000002,0.000000,0.003860
q_ind_98_pop_6,0.004053,0.000191,0.000000,0.022706
q_ind_99_pop_6,0.000695,0.000004,0.000000,0.006843
q_ind_100_pop_6,0.000221,0.000001,0.000000,0.002312
q_ind_101_pop_6,0.000118,0.000001,0.000000,0.001171
q_ind_102_pop_6,0.000411,0.000002,0.000000,0.003982
q_ind_103_pop_6,0.022096,0.022456,0.001240,0.038371
q_ind_104_pop_6,0.001281,0.000011,0.000000,0.011158
q_ind_105_pop_6,0.046219,0.046194,0.029773,0.062822
q_ind_106_pop_6,0.115646,0.115601,0.097016,0.134136
q_ind_107_pop_6,0.001272,0.000009,0.000000,0.012296
q_ind_108_pop_6,0.046095,0.046195,0.029095,0.062870
q_ind_109_pop_6,0.055110,0.055110,0.037858,0.072118
q_ind_110_pop_6,0.000025,0.000000,0.000000,0.000250
q_ind_111_pop_6,0.063725,0.063681,0.047447,0.080413
q_ind_112_pop_6,0.000025,0.000000,0.000000,0.000249
q_ind_113_pop_6,0.000029,0.000000,0.000000,0.000289
q_ind_114_pop_6,0.000031,0.000000,0.000000,0.000302
q_ind_115_pop_6,0.078496,0.078498,0.063829,0.093475
q_ind_116_pop_6,0.000038,0.000000,0.000000,0.000372
q_ind_117_pop_6,0.006312,0.002267,0.000000,0.025479
q_ind_118_pop_6,0.027999,0.028354,0.000544,0.045632
q_ind_119_pop_6,0.062128,0.062123,0.046131,0.078245
q_ind_120_pop_6,0.006271,0.001985,0.000000,0.025227
q_ind_121_pop_6,0.016485,0.017113,0.000000,0.034810
q_ind_122_pop_6,0.002152,0.000048,0.000000,0.014562
q_ind_123_pop_6,0.028617,0.028753,0.011299,0.045441
q_ind_124_pop_6,0.000145,0.000001,0.000000,0.001403
q_ind_125_pop_6,0.000180,0.000001,0.000000,0.001736
q_ind_126_pop_6,0.000082,0.000000,0.000000,0.000804
q_ind_127_pop_6,0.074006,0.073937,0.058129,0.090102
q_ind_128_pop_6,0.000079,0.000000,0.000000,0.000796
q_ind_129_pop_6,0.047071,0.047070,0.029930,0.064329
q_ind_130_pop_6,0.000231,0.000001,0.000000,0.002289
q_ind_131_pop_6,0.000195,0.000001,0.000000,0.001941
q_ind_132_pop_6,0.035359,0.035454,0.018801,0.051504
q_ind_133_pop_6,0.000136,0.000001,0.000000,0.001328
q_ind_134_pop_6,0.065022,0.065064,0.049637,0.080460
q_ind_135_pop_6,0.058627,0.058634,0.042365,0.074883
q_ind_136_pop_6,0.085442,0.085463,0.069964,0.101212
q_ind_137_pop_6,0.084790,0.084786,0.068527,0.101003
q_ind_138_pop_6,0.000471,0.000002,0.000000,0.004677
q_ind_139_pop_6,0.070813,0.070775,0.053640,0.088159
q_ind_140_pop_6,0.096908,0.096818,0.079430,0.114577
q_ind_141_pop_6,0.019467,0.020167,0.000000,0.037162
q_ind_142_pop_6,0.000067,0.000000,0.000000,0.000651
q_ind_143_pop_6,0.111359,0.111377,0.094572,0.128452
q_ind_144_pop_6,0.033461,0.033536,0.016966,0.049892
q_ind_145_pop_6,0.003276,0.000139,0.000000,0.018811
q_ind_146_pop_6,0.000572,0.000004,0.000000,0.005405
q_ind_147_pop_6,0.000499,0.000003,0.000000,0.004753
q_ind_148_pop_6,0.000672,0.000002,0.000000,0.007119
q_ind_0_pop_7,0.010963,0.010105,0.000000,0.030930
q_ind_1_pop_7,0.000025,0.000000,0.000000,0.000245
q_ind_2_pop_7,0.000026,0.000000,0.000000,0.000265
q_ind_3_pop_7,0.000019,0.000000,0.000000,0.000182
q_ind_4_pop_7,0.000022,0.000000,0.000000,0.000218
q_ind_5_pop_7,0.008072,0.006613,0.000000,0.024894
q_ind_6_pop_7,0.000023,0.000000,0.000000,0.000226
q_ind_7_pop_7,0.000023,0.000000,0.000000,0.000228
q_ind_8_pop_7,0.000024,0.000000,0.000000,0.000239
q_ind_9_pop_7,0.000032,0.000000,0.000000,0.000311
q_ind_10_pop_7,0.000020,0.000000,0.000000,0.000190
q_ind_11_pop_7,0.999558,0.999698,0.998349,0.999991
q_ind_12_pop_7,0.999369,0.999576,0.997592,0.999986
q_ind_13_pop_7,0.999579,0.999717,0.998425,0.999990
q_ind_14_pop_7,0.018531,0.019243,0.000000,0.039071
q_ind_15_pop_7,0.084153,0.084128,0.065479,0.103161
q_ind_16_pop_7,0.048121,0.048201,0.028046,0.068117
q_ind_17_pop_7,0.023927,0.024169,0.000122,0.044715
q_ind_18_pop_7,0.036397,0.036347,0.017557,0.054998
q_ind_19_pop_7,0.000230,0.000001,0.000000,0.002385
q_ind_20_pop_7,0.091224,0.091142,0.072495,0.110268
q_ind_21_pop_7,0.000200,0.000001,0.000000,0.001923
q_ind_22_pop_7,0.018953,0.019864,0.000000,0.039259
q_ind_23_pop_7,0.072782,0.072752,0.054575,0.091530
q_ind_24_pop_7,0.022197,0.022923,0.000000,0.041077
q_ind_25_pop_7,0.133141,0.133082,0.114174,0.152456
q_ind_26_pop_7,0.021183,0.022178,0.000000,0.042339
q_ind_27_pop_7,0.044519,0.044433,0.027779,0.061889
q_ind_28_pop_7,0.027333,0.027908,0.002483,0.046804
q_ind_29_pop_7,0.000230,0.000001,0.000000,0.002269
q_ind_30_pop_7,0.000635,0.000003,0.000000,0.005948
q_ind_31_pop_7,0.000624,0.000005,0.000000,0.005756
q_ind_32_pop_7,0.040092,0.040065,0.022239,0.058261
q_ind_33_pop_7,0.072865,0.072884,0.053908,0.091980
q_ind_34_pop_7,0.024022,0.024870,0.000001,0.043054
q_ind_35_pop_7,0.000856,0.000005,0.000000,0.008101
q_ind_36_pop_7,0.087314,0.087321,0.070267,0.104169
q_ind_37_pop_7,0.155277,0.155278,0.137921,0.173122
q_ind_38_pop_7,0.000649,0.000003,0.000000,0.006391
q_ind_39_pop_7,0.087786,0.087771,0.070598,0.105032
q_ind_40_pop_7,0.000038,0.000000,0.000000,0.000369
q_ind_41_pop_7,0.000049,0.000000,0.000000,0.000492
q_ind_42_pop_7,0.000043,0.000000,0.000000,0.000426
q_ind_43_pop_7,0.069777,0.069807,0.051666,0.087945
q_ind_44_pop_7,0.000472,0.000002,0.000000,0.004724
q_ind_45_pop_7,0.001023,0.000010,0.000000,0.009097
q_ind_46_pop_7,0.002714,0.000039,0.000000,0.019057
q_ind_47_pop_7,0.030543,0.030631,0.013502,0.046773
q_ind_48_pop_7,0.054045,0.054021,0.036908,0.071072
q_ind_49_pop_7,0.052168,0.051926,0.032338,0.073320
q_ind_50_pop_7,0.042947,0.042968,0.023666,0.062130
q_ind_51_pop_7,0.007109,0.001842,0.000000,0.030099
q_ind_52_pop_7,0.103035,0.103029,0.086864,0.119742
q_ind_53_pop_7,0.000386,0.000002,0.000000,0.003906
q_ind_54_pop_7,0.045238,0.045396,0.026963,0.062733
q_ind_55_pop_7,0.056849,0.056743,0.039979,0.074473
q_ind_56_pop_7,0.000022,0.000000,0.000000,0.000218
q_ind_57_pop_7,0.000031,0.000000,0.000000,0.000309
q_ind_58_pop_7,0.000017,0.000000,0.000000,0.000167
q_ind_59_pop_7,0.000312,0.000001,0.000000,0.003175
q_ind_60_pop_7,0.000025,0.000000,0.000000,0.000246
q_ind_61_pop_7,0.000065,0.000000,0.000000,0.000652
q_ind_62_pop_7,0.000017,0.000000,0.000000,0.000169
q_ind_63_pop_7,0.093018,0.092944,0.074656,0.111488
q_ind_64_pop_7,0.000034,0.000000,0.000000,0.000343
q_ind_65_pop_7,0.000970,0.000012,0.000000,0.007452
q_ind_66_pop_7,0.000031,0.000000,0.000000,0.000304
q_ind_67_pop_7,0.001739,0.000033,0.000000,0.012626
q_ind_68_pop_7,0.000030,0.000000,0.000000,0.000291
q_ind_69_pop_7,0.000236,0.000001,0.000000,0.002206
q_ind_70_pop_7,0.000026,0.000000,0.000000,0.000258
q_ind_71_pop_7,0.000994,0.000008,0.000000,0.008885
q_ind_72_pop_7,0.000034,0.000000,0.000000,0.000329
q_ind_73_pop_7,0.000049,0.000000,0.000000,0.000492
q_ind_74_pop_7,0.000021,0.000000,0.000000,0.000204
q_ind_75_pop_7,0.000021,0.000000,0.000000,0.000203
q_ind_76_pop_7,0.000035,0.000000,0.000000,0.000352
q_ind_77_pop_7,0.117447,0.117271,0.097136,0.138448
q_ind_78_pop_7,0.000020,0.000000,0.000000,0.000198
q_ind_79_pop_7,0.000029,0.000000,0.000000,0.000290
q_ind_80_pop_7,0.000021,0.000000,0.000000,0.000205
q_ind_81_pop_7,0.000022,0.000000,0.000000,0.000213
q_ind_82_pop_7,0.000271,0.000001,0.000000,0.002768
q_ind_83_pop_7,0.107658,0.107659,0.087323,0.128033
q_ind_84_pop_7,0.000066,0.000000,0.000000,0.000659
q_ind_85_pop_7,0.055762,0.055824,0.037678,0.073930
q_ind_86_pop_7,0.000031,0.000000,0.000000,0.000318
q_ind_87_pop_7,0.000056,0.000000,0.000000,0.000552
q_ind_88_pop_7,0.000287,0.000001,0.000000,0.002809
q_ind_89_pop_7,0.000028,0.000000,0.000000,0.000275
q_ind_90_pop_7,0.000204,0.000001,0.000000,0.002104
q_ind_91_pop_7,0.000057,0.000000,0.000000,0.000547
q_ind_92_pop_7,0.000033,0.000000,0.000000,0.000332
q_ind_93_pop_7,0.000032,0.000000,0.000000,0.000319
q_ind_94_pop_7,0.144916,0.144932,0.127549,0.162210
q_ind_95_pop_7,0.130232,0.130291,0.112133,0.148576
q_ind_96_pop_7,0.046820,0.046767,0.029538,0.064071
q_ind_97_pop_7,0.040612,0.040699,0.021498,0.059052
q_ind_98_pop_7,0.056640,0.056585,0.038372,0.074850
q_ind_99_pop_7,0.000221,0.000001,0.000000,0.002175
q_ind_100_pop_7,0.091197,0.091200,0.074043,0.108492
q_ind_101_pop_7,0.059939,0.059839,0.043417,0.076842
q_ind_102_pop_7,0.000112,0.000001,0.000000,0.001144
q_ind_103_pop_7,0.042264,0.042539,0.020869,0.062222
q_ind_104_pop_7,0.010761,0.008800,0.000000,0.033190
q_ind_105_pop_7,0.023939,0.024331,0.000130,0.044071
q_ind_106_pop_7,0.001993,0.000036,0.000000,0.014308
q_ind_107_pop_7,0.059700,0.059731,0.041318,0.078324
q_ind_108_pop_7,0.000263,0.000001,0.000000,0.002624
q_ind_109_pop_7,0.001687,0.000020,0.000000,0.013784
q_ind_110_pop_7,0.000026,0.000000,0.000000,0.000255
q_ind_111_pop_7,0.062192,0.062215,0.043746,0.080773
q_ind_112_pop_7,0.000027,0.000000,0.000000,0.000272
q_ind_113_pop_7,0.000030,0.000000,0.000000,0.000299
q_ind_114_pop_7,0.000034,0.000000,0.000000,0.000330
q_ind_115_pop_7,0.056230,0.056288,0.040618,0.072129
q_ind_116_pop_7,0.000043,0.000000,0.000000,0.000425
q_ind_117_pop_7,0.085583,0.085607,0.066769,0.104192
q_ind_118_pop_7,0.074243,0.074242,0.055954,0.092653
q_ind_119_pop_7,0.028140,0.028331,0.007721,0.046973
q_ind_120_pop_7,0.106851,0.106863,0.087510,0.126538
q_ind_121_pop_7,0.072398,0.072299,0.053667,0.091597
q_ind_122_pop_7,0.086251,0.086225,0.067915,0.104552
q_ind_123_pop_7,0.058280,0.058021,0.040650,0.076680
q_ind_124_pop_7,0.001873,0.000021,0.000000,0.014704
q_ind_125_pop_7,0.060057,0.059996,0.042917,0.077733
q_ind_126_pop_7,0.000054,0.000000,0.000000,0.000533
q_ind_127_pop_7,0.152592,0.152637,0.133538,0.171766
q_ind_128_pop_7,0.000061,0.000000,0.000000,0.000594
q_ind_129_pop_7,0.000292,0.000001,0.000000,0.002787
q_ind_130_pop_7,0.008826,0.006054,0.000000,0.029067
q_ind_131_pop_7,0.000105,0.000000,0.000000,0.001051
q_ind_132_pop_7,0.022118,0.022728,0.000000,0.041528
q_ind_133_pop_7,0.047173,0.047158,0.028782,0.065465
q_ind_134_pop_7,0.076756,0.076651,0.058171,0.096118
q_ind_135_pop_7,0.084838,0.084703,0.069084,0.101154
q_ind_136_pop_7,0.114230,0.114216,0.095946,0.132795
q_ind_137_pop_7,0.000439,0.000002,0.000000,0.004315
q_ind_138_pop_7,0.052884,0.052807,0.035709,0.070567
q_ind_139_pop_7,0.010522,0.007577,0.000000,0.035046
q_ind_140_pop_7,0.065703,0.065800,0.046892,0.084393
q_ind_141_pop_7,0.001530,0.000012,0.000000,0.012940
q_ind_142_pop_7,0.041493,0.041439,0.023200,0.060096
q_ind_143_pop_7,0.121511,0.121489,0.104652,0.138882
q_ind_144_pop_7,0.047189,0.047308,0.027335,0.066536
q_ind_145_pop_7,0.003053,0.000051,0.000000,0.019795
q_ind_146_pop_7,0.001839,0.000025,0.000000,0.015215
q_ind_147_pop_7,0.000855,0.000005,0.000000,0.008000
q_ind_148_pop_7,0.002477,0.000042,0.000000,0.018127
q_ind_0_pop_8,0.643343,0.643235,0.610002,0.677959
q_ind_1_pop_8,0.000023,0.000000,0.000000,0.000224
q_ind_2_pop_8,0.000025,0.000000,0.000000,0.000244
q_ind_3_pop_8,0.000017,0.000000,0.000000,0.000166
q_ind_4_pop_8,0.000021,0.000000,0.000000,0.000210
q_ind_5_pop_8,0.135277,0.135326,0.111836,0.158766
q_ind_6_pop_8,0.000022,0.000000,0.000000,0.000227
q_ind_7_pop_8,0.000023,0.000000,0.000000,0.000221
q_ind_8_pop_8,0.000026,0.000000,0.000000,0.000264
q_ind_9_pop_8,0.000029,0.000000,0.000000,0.000295
q_ind_10_pop_8,0.000019,0.000000,0.000000,0.000193
q_ind_11_pop_8,0.000044,0.000000,0.000000,0.000438
q_ind_12_pop_8,0.000061,0.000000,0.000000,0.000595
q_ind_13_pop_8,0.000042,0.000000,0.000000,0.000418
q_ind_14_pop_8,0.548901,0.548911,0.512007,0.586056
q_ind_15_pop_8,0.465763,0.465835,0.433809,0.497487
q_ind_16_pop_8,0.469078,0.469020,0.431843,0.506632
q_ind_17_pop_8,0.669139,0.669079,0.636760,0.701550
q_ind_18_pop_8,0.560718,0.560745,0.527531,0.594364
q_ind_19_pop_8,0.000239,0.000001,0.000000,0.002390
q_ind_20_pop_8,0.330502,0.330378,0.299851,0.361904
q_ind_21_pop_8,0.000236,0.000001,0.000000,0.002358
q_ind_22_pop_8,0.419521,0.419626,0.385501,0.453156
q_ind_23_pop_8,0.324922,0.324936,0.293069,0.356939
q_ind_24_pop_8,0.387954,0.387847,0.355720,0.421005
q_ind_25_pop_8,0.566064,0.566104,0.532986,0.598760
q_ind_26_pop_8,0.600280,0.600209,0.564102,0.636295
q_ind_27_pop_8,0.450322,0.450170,0.418580,0.482779
q_ind_28_pop_8,0.602189,0.602236,0.566923,0.636691
q_ind_29_pop_8,0.528291,0.528330,0.494605,0.561324
q_ind_30_pop_8,0.509531,0.509451,0.473829,0.545683
q_ind_31_pop_8,0.486359,0.486355,0.445929,0.526719
q_ind_32_pop_8,0.541282,0.541054,0.508276,0.575251
q_ind_33_pop_8,0.391022,0.391005,0.355910,0.425858
q_ind_34_pop_8,0.335188,0.335052,0.301095,0.370097
q_ind_35_pop_8,0.631826,0.632135,0.599853,0.663075
q_ind_36_pop_8,0.677344,0.677332,0.648214,0.706104
q_ind_37_pop_8,0.515187,0.515184,0.484112,0.546631
q_ind_38_pop_8,0.745106,0.745146,0.711483,0.778421
q_ind_39_pop_8,0.673287,0.673326,0.641741,0.704351
q_ind_40_pop_8,0.000034,0.000000,0.000000,0.000338
q_ind_41_pop_8,0.000040,0.000000,0.000000,0.000385
q_ind_42_pop_8,0.000036,0.000000,0.000000,0.000363
q_ind_43_pop_8,0.475843,0.475717,0.444875,0.507904
q_ind_44_pop_8,0.662145,0.662037,0.631997,0.691738
q_ind_45_pop_8,0.663806,0.663829,0.628997,0.698642
q_ind_46_pop_8,0.525430,0.525238,0.492014,0.559665
q_ind_47_pop_8,0.325667,0.325398,0.298402,0.353784
q_ind_48_pop_8,0.386787,0.386915,0.356037,0.416557
q_ind_49_pop_8,0.490656,0.490606,0.455248,0.526603
q_ind_50_pop_8,0.442682,0.442937,0.409235,0.475475
q_ind_51_pop_8,0.397774,0.397907,0.363592,0.431702
q_ind_52_pop_8,0.425099,0.425065,0.397650,0.453269
q_ind_53_pop_8,0.205266,0.205108,0.180626,0.230147
q_ind_54_pop_8,0.553262,0.553314,0.520602,0.585698
q_ind_55_pop_8,0.617229,0.617412,0.582258,0.652084
q_ind_56_pop_8,0.000023,0.000000,0.000000,0.000225
q_ind_57_pop_8,0.000034,0.000000,0.000000,0.000325
q_ind_58_pop_8,0.000017,0.000000,0.000000,0.000167
q_ind_59_pop_8,0.035787,0.035720,0.015636,0.056100
q_ind_60_pop_8,0.000023,0.000000,0.000000,0.000224
q_ind_61_pop_8,0.000076,0.000000,0.000000,0.000771
q_ind_62_pop_8,0.000019,0.000000,0.000000,0.000192
q_ind_63_pop_8,0.323792,0.323871,0.295123,0.351818
q_ind_64_pop_8,0.000040,0.000000,0.000000,0.000407
q_ind_65_pop_8,0.003425,0.000200,0.000000,0.018821
q_ind_66_pop_8,0.000029,0.000000,0.000000,0.000291
q_ind_67_pop_8,0.103909,0.103981,0.081162,0.126233
q_ind_68_pop_8,0.000033,0.000000,0.000000,0.000328
q_ind_69_pop_8,0.111849,0.112019,0.090243,0.132239
q_ind_70_pop_8,0.000027,0.000000,0.000000,0.000265
q_ind_71_pop_8,0.085915,0.085961,0.063652,0.107903
q_ind_72_pop_8,0.000031,0.000000,0.000000,0.000316
q_ind_73_pop_8,0.000037,0.000000,0.000000,0.000362
q_ind_74_pop_8,0.000019,0.000000,0.000000,0.000185
q_ind_75_pop_8,0.000020,0.000000,0.000000,0.000197
q_ind_76_pop_8,0.000032,0.000000,0.000000,0.000318
q_ind_77_pop_8,0.465488,0.465488,0.433325,0.497588
q_ind_78_pop_8,0.000019,0.000000,0.000000,0.000185
q_ind_79_pop_8,0.000040,0.000000,0.000000,0.000400
q_ind_80_pop_8,0.000019,0.000000,0.000000,0.000191
q_ind_81_pop_8,0.000022,0.000000,0.000000,0.000217
q_ind_82_pop_8,0.231242,0.231302,0.203157,0.259240
q_ind_83_pop_8,0.479632,0.479351,0.448233,0.511484
q_ind_84_pop_8,0.000060,0.000000,0.000000,0.000590
q_ind_85_pop_8,0.366761,0.366885,0.336546,0.396275
q_ind_86_pop_8,0.000030,0.000000,0.000000,0.000289
q_ind_87_pop_8,0.000067,0.000000,0.000000,0.000687
q_ind_88_pop_8,0.000541,0.000002,0.000000,0.005742
q_ind_89_pop_8,0.000030,0.000000,0.000000,0.000302
q_ind_90_pop_8,0.000474,0.000002,0.000000,0.004702
q_ind_91_pop_8,0.000058,0.000000,0.000000,0.000576
q_ind_92_pop_8,0.000029,0.000000,0.000000,0.000293
q_ind_93_pop_8,0.000031,0.000000,0.000000,0.000308
q_ind_94_pop_8,0.587730,0.587822,0.558937,0.615902
q_ind_95_pop_8,0.436867,0.436763,0.405642,0.468509
q_ind_96_pop_8,0.491137,0.491182,0.458494,0.523698
q_ind_97_pop_8,0.515960,0.516002,0.481524,0.549891
q_ind_98_pop_8,0.506236,0.506531,0.470787,0.540895
q_ind_99_pop_8,0.552017,0.552060,0.518810,0.584691
q_ind_100_pop_8,0.541005,0.540899,0.508624,0.574404
q_ind_101_pop_8,0.668606,0.668545,0.640651,0.696730
q_ind_102_pop_8,0.743393,0.743383,0.716459,0.770662
q_ind_103_pop_8,0.571671,0.571411,0.536857,0.608081
q_ind_104_pop_8,0.616802,0.616968,0.586119,0.647084
q_ind_105_pop_8,0.484249,0.484020,0.450513,0.519223
q_ind_106_pop_8,0.333919,0.333846,0.301301,0.366659
q_ind_107_pop_8,0.662855,0.662863,0.634677,0.690819
q_ind_108_pop_8,0.791483,0.791980,0.760150,0.819510
q_ind_109_pop_8,0.773169,0.773487,0.742333,0.801379
q_ind_110_pop_8,0.000022,0.000000,0.000000,0.000223
q_ind_111_pop_8,0.400668,0.400764,0.367251,0.433682
q_ind_112_pop_8,0.000025,0.000000,0.000000,0.000242
q_ind_113_pop_8,0.000028,0.000000,0.000000,0.000283
q_ind_114_pop_8,0.000035,0.000000,0.000000,0.000351
q_ind_115_pop_8,0.412847,0.412770,0.383624,0.442615
q_ind_116_pop_8,0.000039,0.000000,0.000000,0.000378
q_ind_117_pop_8,0.630106,0.630205,0.596080,0.663826
q_ind_118_pop_8,0.328228,0.328279,0.296519,0.359156
q_ind_119_pop_8,0.411356,0.411146,0.380393,0.443003
q_ind_120_pop_8,0.543499,0.543372,0.508309,0.579381
q_ind_121_pop_8,0.603127,0.603072,0.569532,0.636931
q_ind_122_pop_8,0.608937,0.609168,0.574545,0.643247
q_ind_123_pop_8,0.545816,0.545725,0.512568,0.579678
q_ind_124_pop_8,0.607288,0.607512,0.569592,0.644199
q_ind_125_pop_8,0.174307,0.174175,0.149733,0.199542
q_ind_126_pop_8,0.000073,0.000000,0.000000,0.000731
q_ind_127_pop_8,0.488892,0.488854,0.457157,0.521442
q_ind_128_pop_8,0.000073,0.000000,0.000000,0.000728
q_ind_129_pop_8,0.587942,0.587926,0.554154,0.621247
q_ind_130_pop_8,0.482857,0.482879,0.451313,0.514091
q_ind_131_pop_8,0.145615,0.145660,0.120155,0.171130
q_ind_132_pop_8,0.543378,0.543286,0.509151,0.577848
q_ind_133_pop_8,0.512499,0.512544,0.481831,0.542430
q_ind_134_pop_8,0.409399,0.409559,0.376848,0.441161
q_ind_135_pop_8,0.209282,0.209190,0.177877,0.240989
q_ind_136_pop_8,0.366065,0.366023,0.336867,0.395257
q_ind_137_pop_8,0.137623,0.137477,0.110753,0.165215
q_ind_138_pop_8,0.369321,0.369235,0.337600,0.401430
q_ind_139_pop_8,0.434351,0.434230,0.399457,0.468769
q_ind_140_pop_8,0.384491,0.384248,0.351118,0.418829
q_ind_141_pop_8,0.560608,0.560456,0.527940,0.593588
q_ind_142_pop_8,0.507591,0.507722,0.473062,0.542188
q_ind_143_pop_8,0.261292,0.261275,0.229726,0.293198
q_ind_144_pop_8,0.483239,0.483025,0.449730,0.517742
q_ind_145_pop_8,0.423041,0.423068,0.389218,0.455896
q_ind_146_pop_8,0.562332,0.562416,0.526356,0.598213
q_ind_147_pop_8,0.597405,0.597176,0.563273,0.632631
q_ind_148_pop_8,0.556643,0.556539,0.515230,0.598359
q_ind_0_pop_9,0.083811,0.083792,0.069078,0.098426
q_ind_1_pop_9,0.000021,0.000000,0.000000,0.000214
q_ind_2_pop_9,0.000023,0.000000,0.000000,0.000226
q_ind_3_pop_9,0.000016,0.000000,0.000000,0.000161
q_ind_4_pop_9,0.000020,0.000000,0.000000,0.000190
q_ind_5_pop_9,0.032734,0.032699,0.022226,0.043513
q_ind_6_pop_9,0.000022,0.000000,0.000000,0.000219
q_ind_7_pop_9,0.000020,0.000000,0.000000,0.000198
q_ind_8_pop_9,0.000024,0.000000,0.000000,0.000236
q_ind_9_pop_9,0.000056,0.000000,0.000000,0.000565
q_ind_10_pop_9,0.000018,0.000000,0.000000,0.000178
q_ind_11_pop_9,0.000034,0.000000,0.000000,0.000344
q_ind_12_pop_9,0.000037,0.000000,0.000000,0.000365
q_ind_13_pop_9,0.000030,0.000000,0.000000,0.000300
q_ind_14_pop_9,0.046769,0.046654,0.032909,0.060927
q_ind_15_pop_9,0.000313,0.000002,0.000000,0.003067
q_ind_16_pop_9,0.006229,0.001768,0.000000,0.024258
q_ind_17_pop_9,0.000130,0.000001,0.000000,0.001274
q_ind_18_pop_9,0.000158,0.000001,0.000000,0.001561
q_ind_19_pop_9,0.000337,0.000002,0.000000,0.003320
q_ind_20_pop_9,0.012154,0.012674,0.000000,0.027563
q_ind_21_pop_9,0.000567,0.000003,0.000000,0.005651
q_ind_22_pop_9,0.042254,0.042277,0.027396,0.056854
q_ind_23_pop_9,0.052790,0.052813,0.038873,0.066747
q_ind_24_pop_9,0.089857,0.089813,0.074710,0.105036
q_ind_25_pop_9,0.000129,0.000001,0.000000,0.001228
q_ind_26_pop_9,0.062275,0.062237,0.046672,0.078412
q_ind_27_pop_9,0.042498,0.042471,0.028389,0.056593
q_ind_28_pop_9,0.052186,0.052108,0.037366,0.067398
q_ind_29_pop_9,0.080087,0.080068,0.065709,0.094794
q_ind_30_pop_9,0.055398,0.055385,0.039766,0.071103
q_ind_31_pop_9,0.054280,0.054174,0.037670,0.071497
q_ind_32_pop_9,0.084225,0.084201,0.069057,0.099425
q_ind_33_pop_9,0.054956,0.054935,0.040709,0.069737
q_ind_34_pop_9,0.014041,0.015054,0.000000,0.031234
q_ind_35_pop_9,0.035445,0.035434,0.022089,0.048895
q_ind_36_pop_9,0.000306,0.000002,0.000000,0.002924
q_ind_37_pop_9,0.001005,0.000010,0.000000,0.008404
q_ind_38_pop_9,0.026585,0.026832,0.007565,0.042356
q_ind_39_pop_9,0.000453,0.000003,0.000000,0.004213
q_ind_40_pop_9,0.000029,0.000000,0.000000,0.000292
q_ind_41_pop_9,0.000050,0.000000,0.000000,0.000503
q_ind_42_pop_9,0.000032,0.000000,0.000000,0.000319
q_ind_43_pop_9,0.058195,0.058127,0.044335,0.072389
q_ind_44_pop_9,0.050868,0.050820,0.037237,0.064818
q_ind_45_pop_9,0.078168,0.078095,0.063670,0.093260
q_ind_46_pop_9,0.048033,0.048039,0.032920,0.063503
q_ind_47_pop_9,0.025010,0.025037,0.011627,0.037990
q_ind_48_pop_9,0.024641,0.024665,0.012421,0.036922
q_ind_49_pop_9,0.020623,0.020771,0.001047,0.036289
q_ind_50_pop_9,0.000086,0.000000,0.000000,0.000840
q_ind_51_pop_9,0.000930,0.000007,0.000000,0.008333
q_ind_52_pop_9,0.022080,0.022265,0.007204,0.035678
q_ind_53_pop_9,0.002140,0.000082,0.000000,0.012842
q_ind_54_pop_9,0.023416,0.023836,0.005393,0.037340
q_ind_55_pop_9,0.024177,0.024118,0.010794,0.037904
q_ind_56_pop_9,0.999762,0.999841,0.999095,0.999995
q_ind_57_pop_9,0.999669,0.999774,0.998748,0.999993
q_ind_58_pop_9,0.999821,0.999878,0.999331,0.999996
q_ind_59_pop_9,0.861178,0.861246,0.849893,0.872190
q_ind_60_pop_9,0.999739,0.999823,0.999015,0.999994
q_ind_61_pop_9,0.999324,0.999533,0.997501,0.999987
q_ind_62_pop_9,0.999809,0.999871,0.999269,0.999996
q_ind_63_pop_9,0.032781,0.032721,0.019851,0.046012
q_ind_64_pop_9,0.999544,0.999695,0.998242,0.999991
q_ind_65_pop_9,0.893837,0.893887,0.883403,0.904056
q_ind_66_pop_9,0.000031,0.000000,0.000000,0.000311
q_ind_67_pop_9,0.000701,0.000005,0.000000,0.006637
q_ind_68_pop_9,0.000036,0.000000,0.000000,0.000356
q_ind_69_pop_9,0.004947,0.001858,0.000000,0.019486
q_ind_70_pop_9,0.000028,0.000000,0.000000,0.000272
q_ind_71_pop_9,0.000618,0.000003,0.000000,0.006028
q_ind_72_pop_9,0.000044,0.000000,0.000000,0.000426
q_ind_73_pop_9,0.000045,0.000000,0.000000,0.000443
q_ind_74_pop_9,0.000019,0.000000,0.000000,0.000189
q_ind_75_pop_9,0.000021,0.000000,0.000000,0.000204
q_ind_76_pop_9,0.000032,0.000000,0.000000,0.000323
q_ind_77_pop_9,0.037980,0.037912,0.025014,0.051246
q_ind_78_pop_9,0.000019,0.000000,0.000000,0.000183
q_ind_79_pop_9,0.000047,0.000000,0.000000,0.000454
q_ind_80_pop_9,0.000019,0.000000,0.000000,0.000187
q_ind_81_pop_9,0.000020,0.000000,0.000000,0.000201
q_ind_82_pop_9,0.093827,0.093892,0.078674,0.108723
q_ind_83_pop_9,0.044023,0.043966,0.031278,0.057328
q_ind_84_pop_9,0.000055,0.000000,0.000000,0.000558
q_ind_85_pop_9,0.068882,0.068866,0.055346,0.082493
q_ind_86_pop_9,0.000030,0.000000,0.000000,0.000295
q_ind_87_pop_9,0.000063,0.000000,0.000000,0.000619
q_ind_88_pop_9,0.000217,0.000001,0.000000,0.002235
q_ind_89_pop_9,0.000028,0.000000,0.000000,0.000277
q_ind_90_pop_9,0.000233,0.000001,0.000000,0.002277
q_ind_91_pop_9,0.000050,0.000000,0.000000,0.000488
q_ind_92_pop_9,0.000033,0.000000,0.000000,0.000325
q_ind_93_pop_9,0.000033,0.000000,0.000000,0.000328
q_ind_94_pop_9,0.000171,0.000001,0.000000,0.001675
q_ind_95_pop_9,0.001645,0.000035,0.000000,0.011342
q_ind_96_pop_9,0.005012,0.001259,0.000000,0.021017
q_ind_97_pop_9,0.061111,0.061137,0.046559,0.075368
q_ind_98_pop_9,0.036906,0.036871,0.022930,0.050930
q_ind_99_pop_9,0.020502,0.020744,0.001587,0.036634
q_ind_100_pop_9,0.000333,0.000002,0.000000,0.003424
q_ind_101_pop_9,0.000250,0.000001,0.000000,0.002560
q_ind_102_pop_9,0.045110,0.045047,0.031694,0.058866
q_ind_103_pop_9,0.029179,0.029156,0.015246,0.042953
q_ind_104_pop_9,0.004303,0.001291,0.000000,0.017740
q_ind_105_pop_9,0.045405,0.045431,0.031612,0.059062
q_ind_106_pop_9,0.029779,0.029701,0.013751,0.046144
q_ind_107_pop_9,0.040971,0.040997,0.027039,0.055032
q_ind_108_pop_9,0.035414,0.035422,0.020696,0.050337
q_ind_109_pop_9,0.037480,0.037483,0.023339,0.052110
q_ind_110_pop_9,0.000023,0.000000,0.000000,0.000229
q_ind_111_pop_9,0.053848,0.053768,0.039811,0.068262
q_ind_112_pop_9,0.000024,0.000000,0.000000,0.000243
q_ind_113_pop_9,0.000025,0.000000,0.000000,0.000249
q_ind_114_pop_9,0.000030,0.000000,0.000000,0.000294
q_ind_115_pop_9,0.055700,0.055720,0.042798,0.068749
q_ind_116_pop_9,0.000041,0.000000,0.000000,0.000405
q_ind_117_pop_9,0.000099,0.000001,0.000000,0.001001
q_ind_118_pop_9,0.018900,0.019154,0.002710,0.032602
q_ind_119_pop_9,0.000359,0.000002,0.000000,0.003622
q_ind_120_pop_9,0.001476,0.000021,0.000000,0.010974
q_ind_121_pop_9,0.000312,0.000002,0.000000,0.003130
q_ind_122_pop_9,0.000294,0.000001,0.000000,0.002982
q_ind_123_pop_9,0.001880,0.000050,0.000000,0.012629
q_ind_124_pop_9,0.016692,0.017341,0.000000,0.032432
q_ind_125_pop_9,0.000120,0.000001,0.000000,0.001201
q_ind_126_pop_9,0.000070,0.000000,0.000000,0.000706
q_ind_127_pop_9,0.001165,0.000013,0.000000,0.009319
q_ind_128_pop_9,0.000078,0.000000,0.000000,0.000758
q_ind_129_pop_9,0.061380,0.061287,0.046539,0.076745
q_ind_130_pop_9,0.000768,0.000005,0.000000,0.007278
q_ind_131_pop_9,0.067650,0.067617,0.054681,0.080809
q_ind_132_pop_9,0.041543,0.041453,0.027601,0.055863
q_ind_133_pop_9,0.070402,0.070360,0.056629,0.084522
q_ind_134_pop_9,0.002889,0.000284,0.000000,0.014544
q_ind_135_pop_9,0.059616,0.059627,0.045373,0.074167
q_ind_136_pop_9,0.001039,0.000008,0.000000,0.009011
q_ind_137_pop_9,0.053134,0.053084,0.039582,0.067137
q_ind_138_pop_9,0.000374,0.000002,0.000000,0.003533
q_ind_139_pop_9,0.000544,0.000003,0.000000,0.005387
q_ind_140_pop_9,0.098111,0.098036,0.083865,0.112909
q_ind_141_pop_9,0.037215,0.037189,0.023223,0.051490
q_ind_142_pop_9,0.000150,0.000001,0.000000,0.001491
q_ind_143_pop_9,0.066571,0.066477,0.052394,0.080653
q_ind_144_pop_9,0.000502,0.000003,0.000000,0.004752
q_ind_145_pop_9,0.000294,0.000002,0.000000,0.002968
q_ind_146_pop_9,0.000415,0.000002,0.000000,0.004153
q_ind_147_pop_9,0.003113,0.000220,0.000000,0.016779
q_ind_148_pop_9,0.000363,0.000002,0.000000,0.003545
q_ind_0_pop_10,0.018962,0.019182,0.000894,0.033971
q_ind_1_pop_10,0.999761,0.999839,0.999098,0.999995
q_ind_2_pop_10,0.999741,0.999824,0.999024,0.999994
q_ind_3_pop_10,0.999822,0.999880,0.999334,0.999996
q_ind_4_pop_10,0.999789,0.999858,0.999196,0.999996
q_ind_5_pop_10,0.709090,0.709095,0.696023,0.722126
q_ind_6_pop_10,0.999775,0.999848,0.999150,0.999995
q_ind_7_pop_10,0.999772,0.999846,0.999135,0.999995
q_ind_8_pop_10,0.999757,0.999834,0.999097,0.999994
q_ind_9_pop_10,0.999674,0.999781,0.998746,0.999994
q_ind_10_pop_10,0.999800,0.999865,0.999225,0.999996
q_ind_11_pop_10,0.000044,0.000000,0.000000,0.000430
q_ind_12_pop_10,0.000075,0.000000,0.000000,0.000750
q_ind_13_pop_10,0.000038,0.000000,0.000000,0.000375
q_ind_14_pop_10,0.056789,0.056710,0.042633,0.071508
q_ind_15_pop_10,0.032861,0.032857,0.019175,0.046796
q_ind_16_pop_10,0.035622,0.035354,0.019811,0.051768
q_ind_17_pop_10,0.001478,0.000023,0.000000,0.011689
q_ind_18_pop_10,0.000475,0.000002,0.000000,0.004789
q_ind_19_pop_10,0.000078,0.000000,0.000000,0.000768
q_ind_20_pop_10,0.000212,0.000001,0.000000,0.002194
q_ind_21_pop_10,0.000072,0.000000,0.000000,0.000702
q_ind_22_pop_10,0.000079,0.000000,0.000000,0.000750
q_ind_23_pop_10,0.052389,0.052302,0.037587,0.067406
q_ind_24_pop_10,0.036100,0.036135,0.020797,0.051521
q_ind_25_pop_10,0.086040,0.085978,0.071523,0.100768
q_ind_26_pop_10,0.018979,0.019775,0.000000,0.036163
q_ind_27_pop_10,0.001844,0.000033,0.000000,0.013118
q_ind_28_pop_10,0.013816,0.014496,0.000000,0.031457
q_ind_29_pop_10,0.009262,0.008999,0.000000,0.024644
q_ind_30_pop_10,0.000408,0.000002,0.000000,0.003868
q_ind_31_pop_10,0.001034,0.000007,0.000000,0.009599
q_ind_32_pop_10,0.002158,0.000052,0.000000,0.013933
q_ind_33_pop_10,0.063296,0.063250,0.047758,0.078988
q_ind_34_pop_10,0.015872,0.016300,0.000001,0.030903
q_ind_35_pop_10,0.098238,0.098186,0.083009,0.113912
q_ind_36_pop_10,0.048686,0.048652,0.034611,0.063023
q_ind_37_pop_10,0.110982,0.110914,0.095577,0.126637
q_ind_38_pop_10,0.000766,0.000004,0.000000,0.007542
q_ind_39_pop_10,0.023498,0.023608,0.008335,0.038030
q_ind_40_pop_10,0.000065,0.000000,0.000000,0.000609
q_ind_41_pop_10,0.000081,0.000000,0.000000,0.000799
q_ind_42_pop_10,0.000052,0.000000,0.000000,0.000507
q_ind_43_pop_10,0.003727,0.000396,0.000000,0.017918
q_ind_44_pop_10,0.028663,0.028788,0.012683,0.043907
q_ind_45_pop_10,0.072986,0.072968,0.058007,0.087863
q_ind_46_pop_10,0.053671,0.053637,0.038162,0.069622
q_ind_47_pop_10,0.018619,0.018963,0.000009,0.032988
q_ind_48_pop_10,0.001572,0.000024,0.000000,0.010811
q_ind_49_pop_10,0.053971,0.053888,0.038849,0.069789
q_ind_50_pop_10,0.036509,0.036437,0.021927,0.051248
q_ind_51_pop_10,0.024823,0.025092,0.004794,0.041536
q_ind_52_pop_10,0.029195,0.029263,0.013976,0.043865
q_ind_53_pop_10,0.030451,0.030426,0.017296,0.043688
q_ind_54_pop_10,0.000125,0.000001,0.000000,0.001180
q_ind_55_pop_10,0.058584,0.058587,0.044454,0.072664
q_ind_56_pop_10,0.000020,0.000000,0.000000,0.000193
q_ind_57_pop_10,0.000032,0.000000,0.000000,0.000306
q_ind_58_pop_10,0.000017,0.000000,0.000000,0.000170
q_ind_59_pop_10,0.000527,0.000004,0.000000,0.004778
q_ind_60_pop_10,0.000023,0.000000,0.000000,0.000228
q_ind_61_pop_10,0.000047,0.000000,0.000000,0.000457
q_ind_62_pop_10,0.000018,0.000000,0.000000,0.000187
q_ind_63_pop_10,0.002404,0.000067,0.000000,0.014868
q_ind_64_pop_10,0.000030,0.000000,0.000000,0.000294
q_ind_65_pop_10,0.000722,0.000008,0.000000,0.005669
q_ind_66_pop_10,0.000023,0.000000,0.000000,0.000227
q_ind_67_pop_10,0.000159,0.000001,0.000000,0.001595
q_ind_68_pop_10,0.000026,0.000000,0.000000,0.000257
q_ind_69_pop_10,0.000186,0.000001,0.000000,0.001893
q_ind_70_pop_10,0.000025,0.000000,0.000000,0.000244
q_ind_71_pop_10,0.000177,0.000001,0.000000,0.001741
q_ind_72_pop_10,0.000026,0.000000,0.000000,0.000267
q_ind_73_pop_10,0.000037,0.000000,0.000000,0.000363
q_ind_74_pop_10,0.000018,0.000000,0.000000,0.000182
q_ind_75_pop_10,0.000019,0.000000,0.000000,0.000185
q_ind_76_pop_10,0.000030,0.000000,0.000000,0.000302
q_ind_77_pop_10,0.000554,0.000003,0.000000,0.005466
q_ind_78_pop_10,0.000017,0.000000,0.000000,0.000175
q_ind_79_pop_10,0.000032,0.000000,0.000000,0.000317
q_ind_80_pop_10,0.000018,0.000000,0.000000,0.000177
q_ind_81_pop_10,0.000020,0.000000,0.000000,0.000194
q_ind_82_pop_10,0.004199,0.001131,0.000000,0.017846
q_ind_83_pop_10,0.000389,0.000002,0.000000,0.003640
q_ind_84_pop_10,0.000055,0.000000,0.000000,0.000558
q_ind_85_pop_10,0.000104,0.000000,0.000000,0.001070
q_ind_86_pop_10,0.000031,0.000000,0.000000,0.000316
q_ind_87_pop_10,0.000062,0.000000,0.000000,0.000611
q_ind_88_pop_10,0.010540,0.010263,0.000000,0.028237
q_ind_89_pop_10,0.000033,0.000000,0.000000,0.000325
q_ind_90_pop_10,0.005897,0.002282,0.000000,0.023038
q_ind_91_pop_10,0.000054,0.000000,0.000000,0.000527
q_ind_92_pop_10,0.000030,0.000000,0.000000,0.000298
q_ind_93_pop_10,0.000031,0.000000,0.000000,0.000303
q_ind_94_pop_10,0.109209,0.109322,0.093312,0.124598
q_ind_95_pop_10,0.084143,0.084153,0.069490,0.098980
q_ind_96_pop_10,0.074749,0.074652,0.059690,0.090196
q_ind_97_pop_10,0.089789,0.089787,0.074398,0.105179
q_ind_98_pop_10,0.017344,0.017792,0.000000,0.033051
q_ind_99_pop_10,0.131774,0.131747,0.113525,0.149912
q_ind_100_pop_10,0.095125,0.095017,0.079621,0.111025
q_ind_101_pop_10,0.034445,0.034501,0.019400,0.049433
q_ind_102_pop_10,0.094179,0.094200,0.079124,0.109445
q_ind_103_pop_10,0.044871,0.044708,0.030866,0.059688
q_ind_104_pop_10,0.092833,0.092827,0.077880,0.107816
q_ind_105_pop_10,0.031630,0.031678,0.017895,0.045312
q_ind_106_pop_10,0.004396,0.000822,0.000000,0.020323
q_ind_107_pop_10,0.002218,0.000044,0.000000,0.014400
q_ind_108_pop_10,0.000253,0.000001,0.000000,0.002575
q_ind_109_pop_10,0.000408,0.000002,0.000000,0.004026
q_ind_110_pop_10,0.000027,0.000000,0.000000,0.000258
q_ind_111_pop_10,0.064202,0.064217,0.049148,0.079055
q_ind_112_pop_10,0.000027,0.000000,0.000000,0.000272
q_ind_113_pop_10,0.000027,0.000000,0.000000,0.000264
q_ind_114_pop_10,0.000029,0.000000,0.000000,0.000280
q_ind_115_pop_10,0.050085,0.050018,0.037199,0.063370
q_ind_116_pop_10,0.000055,0.000000,0.000000,0.000564
q_ind_117_pop_10,0.002086,0.000051,0.000000,0.014323
q_ind_118_pop_10,0.069054,0.068990,0.054797,0.083984
q_ind_119_pop_10,0.046266,0.046185,0.032541,0.060179
q_ind_120_pop_10,0.039081,0.039127,0.023478,0.054353
q_ind_121_pop_10,0.000563,0.000003,0.000000,0.005271
q_ind_122_pop_10,0.011764,0.012284,0.000000,0.028265
q_ind_123_pop_10,0.029234,0.029160,0.015316,0.043592
q_ind_124_pop_10,0.097935,0.097868,0.082024,0.114540
q_ind_125_pop_10,0.000820,0.000007,0.000000,0.007332
q_ind_126_pop_10,0.000156,0.000001,0.000000,0.001591
q_ind_127_pop_10,0.000240,0.000001,0.000000,0.002382
q_ind_128_pop_10,0.000178,0.000001,0.000000,0.001720
q_ind_129_pop_10,0.001374,0.000013,0.000000,0.011110
q_ind_130_pop_10,0.037819,0.037842,0.023586,0.052088
q_ind_131_pop_10,0.000558,0.000003,0.000000,0.005304
q_ind_132_pop_10,0.059641,0.059447,0.044683,0.075559
q_ind_133_pop_10,0.034854,0.034907,0.019881,0.049886
q_ind_134_pop_10,0.000215,0.000001,0.000000,0.002076
q_ind_135_pop_10,0.054812,0.054783,0.040133,0.069481
q_ind_136_pop_10,0.003489,0.000435,0.000000,0.017248
q_ind_137_pop_10,0.000504,0.000003,0.000000,0.004855
q_ind_138_pop_10,0.002890,0.000202,0.000000,0.015310
q_ind_139_pop_10,0.016736,0.017301,0.000000,0.032703
q_ind_140_pop_10,0.001039,0.000010,0.000000,0.008872
q_ind_141_pop_10,0.004175,0.000851,0.000000,0.018330
q_ind_142_pop_10,0.001841,0.000037,0.000000,0.012948
q_ind_143_pop_10,0.000360,0.000002,0.000000,0.003606
q_ind_144_pop_10,0.019336,0.019924,0.000000,0.037274
q_ind_145_pop_10,0.002497,0.000059,0.000000,0.016224
q_ind_146_pop_10,0.033252,0.033242,0.018306,0.048032
q_ind_147_pop_10,0.087124,0.087085,0.071197,0.103304
q_ind_148_pop_10,0.050403,0.050392,0.033188,0.067924
